1011.txt 10141 0 0 128.28 0 not found
1012.txt	10141	0	0	832.89		0					832.89
1013.txt	10151	0	0	474.92		0					474.92
1014.txt	10151	0	0	226.98		0					226.98
1015.txt	10150	0	0	1022.72		0					1022.72
1016.txt	10146	0	0	76.09		0					76.09
1017.txt	10142	0	0	3555.94		0					3555.94
1018.txt	10150	0	0	76.13		0					76.13
1019.txt	10148	0	0	233.75		0					233.75
1020.txt	10152	0	0	181.39		0					181.39
1021.txt	5030	0	0	415.81		0					415.81
1022.txt	5032	0	0	544.28		0					544.28
1023.txt	5028	1	1	300		0.01988862371					No -1
1024.txt	5030	1	1	300		0.01988071571					No -1
1025.txt	5032	1	1	300		0.01987281399					No -1
1026.txt	5028	1	1	300		0.01988862371					No -1
1027.txt	5031	1	1	300		0.01987676406					No -1
1028.txt	5031	1	1	300		0.01987676406					No -1
1029.txt	5031	0	0	278.86		0					278.86
1030.txt	5029	1	1	300		0.01988466892					No -1
1031.txt	3407	1	54	300		1.584972116					No -1
1032.txt	3407	1	61	300		1.790431465					No -1
1033.txt	3402	1	53	300		1.557907113					No -1
1034.txt	3408	1	56	300		1.643192488					No -1
1035.txt	3406	1	57	300		1.673517322					No -1
1036.txt	3407	1	58	300		1.702377458					No -1
1037.txt	3400	1	51	300		1.5					No -1
1038.txt	3404	1	52	300		1.527614571					No -1
1039.txt	3407	1	58	300		1.702377458					No -1
1040.txt	3401	1	54	300		1.587768303					No -1
1041.txt	2506	1	1	300		0.03990422985					No -1
1042.txt	2506	1	1	300		0.03990422985					No -1
1043.txt	2505	1	1	300		0.03992015968					No -1
1044.txt	2505	1	1	300		0.03992015968					No -1
1045.txt	2505	1	1	300		0.03992015968					No -1
1046.txt	2506	1	2	300		0.0798084597					No -1
1047.txt	2505	1	1	300		0.03992015968					No -1
1048.txt	2505	1	1	300		0.03992015968					No -1
1049.txt	2505	1	1	300		0.03992015968					No -1
1050.txt	2506	1	2	300		0.0798084597					No -1
1051.txt	2005	1	2	300		0.09975062344					No -1
1052.txt	2004	1	2	300		0.0998003992					No -1
1053.txt	2004	1	2	300		0.0998003992					No -1
1054.txt	2003	1	1	300		0.04992511233					No -1
1055.txt	2004	1	2	300		0.0998003992					No -1
1056.txt	2004	1	2	300		0.0998003992					No -1
1057.txt	2003	1	1	300		0.04992511233					No -1
1058.txt	2003	1	1	300		0.04992511233					No -1
1059.txt	2005	1	3	300		0.1496259352					No -1
1060.txt	2004	1	2	300		0.0998003992					No -1
111.txt	1014	0	0	6.36		0					6.36
112.txt	1018	1	1	300		0.09823182711					No -1
113.txt	1016	0	0	32.34		0					32.34
114.txt	1018	1	1	300		0.09823182711					No -1
115.txt	1019	0	0	0.72		0					0.72
116.txt	1015	0	0	20.8		0					20.8
117.txt	1016	0	0	32.33		0					32.33
118.txt	1017	0	0	42		0					42
119.txt	1018	0	0	4.33		0					4.33
120.txt	1015	0	0	2.98		0					2.98
121.txt	506	0	0	12.05		0					12.05
122.txt	505	1	1	300		0.198019802					No -1
123.txt	505	0	0	846.97		0					846.97
124.txt	505	1	1	300		0.198019802					No -1
125.txt	506	0	0	149.33		0					149.33
126.txt	508	0	0	12		0					12
127.txt	505	0	0	446.74		0					446.74
128.txt	507	1	2	300		0.3944773176					No -1
129.txt	505	0	0	77.63		0					77.63
130.txt	508	0	0	4.08		0					4.08
131.txt	400	0	0	13.48		0					13.48
132.txt	400	0	0	15.3		0					15.3
133.txt	400	1	16.0997	300		4.024925					No -1
134.txt	400	0	0	15.45		0					15.45
135.txt	400	0	0	11.83		0					11.83
136.txt	400	0	0	9.86		0					9.86
137.txt	400	1	17.63	300		4.4075					No -1
138.txt	400	1	20.3623	300		5.090575					No -1
139.txt	400	1	13.3779	300		3.344475					No -1
140.txt	400	1	16.048	300		4.012					No -1
141.txt	300	0	0	21.86		0					21.86
142.txt	300	0	0	21.59		0					21.59
143.txt	300	0	0	25.03		0					25.03
144.txt	300	0	0	23.84		0					23.84
145.txt	300	0	0	29.06		0					29.06
146.txt	300	0	0	24.88		0					24.88
147.txt	300	0	0	31.84		0					31.84
148.txt	300	0	0	18.64		0					18.64
149.txt	300	1	5.26979	300		1.756596667					No -1
150.txt	300	0	0	17.11		0					17.11
151.txt	201	0	0	0.3		0					0.3
152.txt	202	0	0	32.84		0					32.84
153.txt	201	0	0	0.27		0					0.27
154.txt	202	0	0	36.81		0					36.81
155.txt	202	0	0	22.27		0					22.27
156.txt	202	0	0	44.41		0					44.41
157.txt	202	0	0	28.83		0					28.83
158.txt	202	0	0	24.67		0					24.67
159.txt	202	0	0	26.91		0					26.91
160.txt	201	0	0	26.22		0					26.22
211.txt	2031	0	0	60.22		0					60.22
212.txt	2030	1	1	300		0.04926108374					No -1
213.txt	2036	0	0	184.2		0					184.2
214.txt	2028	0	0	126.22		0					126.22
215.txt	2037	1	1	300		0.04909180167					No -1
216.txt	2028	1	1	300		0.04930966469					No -1
217.txt	2031	0	0	524.98		0					524.98
218.txt	2030	0	0	405.75		0					405.75
219.txt	2034	1	1	300		0.04916420846					No -1
220.txt	2029	0	0	59.23		0					59.23
221.txt	1007	0	0	294.67		0					294.67
222.txt	1008	1	1	300		0.09920634921					No -1
223.txt	1008	1	1	300		0.09920634921					No -1
224.txt	1007	1	1	300		0.09930486594					No -1
225.txt	1008	1	1	300		0.09920634921					No -1
226.txt	1007	0	0	204.59		0					204.59
227.txt	1009	1	1	300		0.09910802775					No -1
228.txt	1007	1	1	300		0.09930486594					No -1
229.txt	1008	0	0	176.74		0					176.74
230.txt	1007	0	0	2303.34		0					2303.34
231.txt	701	1	4	300		0.5706134094					No -1
232.txt	702	1	5	300		0.7122507123					No -1
233.txt	702	1	6	300		0.8547008547					No -1
234.txt	701	1	4	300		0.5706134094					No -1
235.txt	702	1	5	300		0.7122507123					No -1
236.txt	702	1	5	300		0.7122507123					No -1
237.txt	702	1	6	300		0.8547008547					No -1
238.txt	702	1	5	300		0.7122507123					No -1
239.txt	701	1	5	300		0.7132667618					No -1
240.txt	703	1	7	300		0.9957325747					No -1
241.txt	503	0	0	595.14		0					595.14
242.txt	504	0	0	1688.64		0					1688.64
243.txt	503	0	0	892.19		0					892.19
244.txt	502	0	0	13.55		0					13.55
245.txt	502	0	0	22.48		0					22.48
246.txt	503	0	0	28.27		0					28.27
247.txt	503	0	0	18.31		0					18.31
248.txt	502	0	0	752.25		0					752.25
249.txt	502	0	0	514.56		0					514.56
250.txt	503	0	0	1462.52		0					1462.52
251.txt	401	0	0	92.95		0					92.95
252.txt	402	0	0	400.56		0					400.56
253.txt	403	0	0	1998.61		0					1998.61
254.txt	402	0	0	397.33		0					397.33
255.txt	402	0	0	362.28		0					362.28
256.txt	402	0	0	261.05		0					261.05
257.txt	402	0	0	712.61		0					712.61
258.txt	402	0	0	459.83		0					459.83
259.txt	403	1	2	300		0.4962779156					No -1
260.txt	402	0	0	294.16		0					294.16
511.txt	5076	1	1	300		0.01970055162					No -1
512.txt	5074	0	0	1960.34		0					1960.34
513.txt	5080	0	0	29.22		0					29.22
514.txt	5080	0	0	44.34		0					44.34
515.txt	5081	1	1	300		0.01968116512					No -1
516.txt	5074	0	0	142.42		0					142.42
517.txt	5072	0	0	56.77		0					56.77
518.txt	5072	0	0	24.84		0					24.84
519.txt	5074	0	0	38.67		0					38.67
520.txt	5072	0	0	57.55		0					57.55
521.txt	2517	1	1	300		0.03972983711					No -1
522.txt	2513	0	0	4306.58		0					4306.58
523.txt	2516	1	1	300		0.03974562798					No -1
524.txt	2515	1	1	300		0.03976143141					No -1
525.txt	2516	0	0	91.23		0					91.23
526.txt	2516	1	1	300		0.03974562798					No -1
527.txt	2516	1	1	300		0.03974562798					No -1
528.txt	2514	0	0	172.17		0					172.17
529.txt	2516	1	1	300		0.03974562798					No -1
530.txt	2517	1	1	300		0.03972983711					No -1
531.txt	1702	1	7	300		0.4112808461					No -1
532.txt	1702	1	9	300		0.5287896592					No -1
533.txt	1702	1	9	300		0.5287896592					No -1
534.txt	1702	1	9	300		0.5287896592					No -1
535.txt	1702	1	9	300		0.5287896592					No -1
536.txt	1702	1	8	300		0.4700352526					No -1
537.txt	1703	1	7	300		0.4110393423					No -1
538.txt	1704	1	10	300		0.5868544601					No -1
539.txt	1702	1	8	300		0.4700352526					No -1
540.txt	1705	1	11	300		0.6451612903					No -1
541.txt	1302	1	21	300		1.612903226					No -1
542.txt	1302	1	21	300		1.612903226					No -1
543.txt	1300	0	0	98.38		0					98.38
544.txt	1300	0	0	84.23		0					84.23
545.txt	1300	1	21	300		1.615384615					No -1
546.txt	1300	1	18	300		1.384615385					No -1
547.txt	1303	1	22	300		1.688411358					No -1
548.txt	1301	1	21	300		1.614142967					No -1
549.txt	1302	1	25	300		1.920122888					No -1
550.txt	1303	1	17	300		1.304681504					No -1
551.txt	1003	1	1	300		0.09970089731					No -1
552.txt	1003	1	1	300		0.09970089731					No -1
553.txt	1003	1	1	300		0.09970089731					No -1
554.txt	1002	0	0	3210.11		0					3210.11
555.txt	1003	1	1	300		0.09970089731					No -1
556.txt	1002	0	0	6042.52		0					6042.52
557.txt	1002	0	0	949.95		0					949.95
558.txt	1003	1	1	300		0.09970089731					No -1
559.txt	1003	1	2	300		0.1994017946					No -1
560.txt	1002	0	0	111.83		0					111.83