50 50 1000 17
478 478 478 478 478 478 478 478 478 478 478 478 478 478 478 478 478 478 478 478 478 478 478 478 478 478 478 478 478 478 478 478 478 478 478 478 478 478 478 478 478 478 478 478 478 478 478 478 478 478 
469 469 469 469 469 469 469 469 469 469 469 469 469 469 469 469 469 469 469 469 469 469 469 469 469 469 469 469 469 469 469 469 469 469 469 469 469 469 469 469 469 469 469 469 469 469 469 469 469 469 
466 466 466 466 466 466 466 466 466 466 466 466 466 466 466 466 466 466 466 466 466 466 466 466 466 466 466 466 466 466 466 466 466 466 466 466 466 466 466 466 466 466 466 466 466 466 466 466 466 466 
465 465 465 465 465 465 465 465 465 465 465 465 465 465 465 465 465 465 465 465 465 465 465 465 465 465 465 465 465 465 465 465 465 465 465 465 465 465 465 465 465 465 465 465 465 465 465 465 465 465 
444 444 444 444 444 444 444 444 444 444 444 444 444 444 444 444 444 444 444 444 444 444 444 444 444 444 444 444 444 444 444 444 444 444 444 444 444 444 444 444 444 444 444 444 444 444 444 444 444 444 
439 439 439 439 439 439 439 439 439 439 439 439 439 439 439 439 439 439 439 439 439 439 439 439 439 439 439 439 439 439 439 439 439 439 439 439 439 439 439 439 439 439 439 439 439 439 439 439 439 439 
436 436 436 436 436 436 436 436 436 436 436 436 436 436 436 436 436 436 436 436 436 436 436 436 436 436 436 436 436 436 436 436 436 436 436 436 436 436 436 436 436 436 436 436 436 436 436 436 436 436 
434 434 434 434 434 434 434 434 434 434 434 434 434 434 434 434 434 434 434 434 434 434 434 434 434 434 434 434 434 434 434 434 434 434 434 434 434 434 434 434 434 434 434 434 434 434 434 434 434 434 
433 433 433 433 433 433 433 433 433 433 433 433 433 433 433 433 433 433 433 433 433 433 433 433 433 433 433 433 433 433 433 433 433 433 433 433 433 433 433 433 433 433 433 433 433 433 433 433 433 433 
429 429 429 429 429 429 429 429 429 429 429 429 429 429 429 429 429 429 429 429 429 429 429 429 429 429 429 429 429 429 429 429 429 429 429 429 429 429 429 429 429 429 429 429 429 429 429 429 429 429 
428 428 428 428 428 428 428 428 428 428 428 428 428 428 428 428 428 428 428 428 428 428 428 428 428 428 428 428 428 428 428 428 428 428 428 428 428 428 428 428 428 428 428 428 428 428 428 428 428 428 
418 418 418 418 418 418 418 418 418 418 418 418 418 418 418 418 418 418 418 418 418 418 418 418 418 418 418 418 418 418 418 418 418 418 418 418 418 418 418 418 418 418 418 418 418 418 418 418 418 418 
398 398 398 398 398 398 398 398 398 398 398 398 398 398 398 398 398 398 398 398 398 398 398 398 398 398 398 398 398 398 398 398 398 398 398 398 398 398 398 398 398 398 398 398 398 398 398 398 398 398 
395 395 395 395 395 395 395 395 395 395 395 395 395 395 395 395 395 395 395 395 395 395 395 395 395 395 395 395 395 395 395 395 395 395 395 395 395 395 395 395 395 395 395 395 395 395 395 395 395 395 
387 387 387 387 387 387 387 387 387 387 387 387 387 387 387 387 387 387 387 387 387 387 387 387 387 387 387 387 387 387 387 387 387 387 387 387 387 387 387 387 387 387 387 387 387 387 387 387 387 387 
387 387 387 387 387 387 387 387 387 387 387 387 387 387 387 387 387 387 387 387 387 387 387 387 387 387 387 387 387 387 387 387 387 387 387 387 387 387 387 387 387 387 387 387 387 387 387 387 387 387 
386 386 386 386 386 386 386 386 386 386 386 386 386 386 386 386 386 386 386 386 386 386 386 386 386 386 386 386 386 386 386 386 386 386 386 386 386 386 386 386 386 386 386 386 386 386 386 386 386 386 
385 385 385 385 385 385 385 385 385 385 385 385 385 385 385 385 385 385 385 385 385 385 385 385 385 385 385 385 385 385 385 385 385 385 385 385 385 385 385 385 385 385 385 385 385 385 385 385 385 385 
376 376 376 376 376 376 376 376 376 376 376 376 376 376 376 376 376 376 376 376 376 376 376 376 376 376 376 376 376 376 376 376 376 376 376 376 376 376 376 376 376 376 376 376 376 376 376 376 376 376 
374 374 374 374 374 374 374 374 374 374 374 374 374 374 374 374 374 374 374 374 374 374 374 374 374 374 374 374 374 374 374 374 374 374 374 374 374 374 374 374 374 374 374 374 374 374 374 374 374 374 
360 360 360 360 360 360 360 360 360 360 360 360 360 360 360 360 360 360 360 360 360 360 360 360 360 360 360 360 360 360 360 360 360 360 360 360 360 360 360 360 360 360 360 360 360 360 360 360 360 360 
355 355 355 355 355 355 355 355 355 355 355 355 355 355 355 355 355 355 355 355 355 355 355 355 355 355 355 355 355 355 355 355 355 355 355 355 355 355 355 355 355 355 355 355 355 355 355 355 355 355 
349 349 349 349 349 349 349 349 349 349 349 349 349 349 349 349 349 349 349 349 349 349 349 349 349 349 349 349 349 349 349 349 349 349 349 349 349 349 349 349 349 349 349 349 349 349 349 349 349 349 
345 345 345 345 345 345 345 345 345 345 345 345 345 345 345 345 345 345 345 345 345 345 345 345 345 345 345 345 345 345 345 345 345 345 345 345 345 345 345 345 345 345 345 345 345 345 345 345 345 345 
341 341 341 341 341 341 341 341 341 341 341 341 341 341 341 341 341 341 341 341 341 341 341 341 341 341 341 341 341 341 341 341 341 341 341 341 341 341 341 341 341 341 341 341 341 341 341 341 341 341 
340 340 340 340 340 340 340 340 340 340 340 340 340 340 340 340 340 340 340 340 340 340 340 340 340 340 340 340 340 340 340 340 340 340 340 340 340 340 340 340 340 340 340 340 340 340 340 340 340 340 
330 330 330 330 330 330 330 330 330 330 330 330 330 330 330 330 330 330 330 330 330 330 330 330 330 330 330 330 330 330 330 330 330 330 330 330 330 330 330 330 330 330 330 330 330 330 330 330 330 330 
324 324 324 324 324 324 324 324 324 324 324 324 324 324 324 324 324 324 324 324 324 324 324 324 324 324 324 324 324 324 324 324 324 324 324 324 324 324 324 324 324 324 324 324 324 324 324 324 324 324 
320 320 320 320 320 320 320 320 320 320 320 320 320 320 320 320 320 320 320 320 320 320 320 320 320 320 320 320 320 320 320 320 320 320 320 320 320 320 320 320 320 320 320 320 320 320 320 320 320 320 
299 299 299 299 299 299 299 299 299 299 299 299 299 299 299 299 299 299 299 299 299 299 299 299 299 299 299 299 299 299 299 299 299 299 299 299 299 299 299 299 299 299 299 299 299 299 299 299 299 299 
279 279 279 279 279 279 279 279 279 279 279 279 279 279 279 279 279 279 279 279 279 279 279 279 279 279 279 279 279 279 279 279 279 279 279 279 279 279 279 279 279 279 279 279 279 279 279 279 279 279 
278 278 278 278 278 278 278 278 278 278 278 278 278 278 278 278 278 278 278 278 278 278 278 278 278 278 278 278 278 278 278 278 278 278 278 278 278 278 278 278 278 278 278 278 278 278 278 278 278 278 
264 264 264 264 264 264 264 264 264 264 264 264 264 264 264 264 264 264 264 264 264 264 264 264 264 264 264 264 264 264 264 264 264 264 264 264 264 264 264 264 264 264 264 264 264 264 264 264 264 264 
260 260 260 260 260 260 260 260 260 260 260 260 260 260 260 260 260 260 260 260 260 260 260 260 260 260 260 260 260 260 260 260 260 260 260 260 260 260 260 260 260 260 260 260 260 260 260 260 260 260 
257 257 257 257 257 257 257 257 257 257 257 257 257 257 257 257 257 257 257 257 257 257 257 257 257 257 257 257 257 257 257 257 257 257 257 257 257 257 257 257 257 257 257 257 257 257 257 257 257 257 
249 249 249 249 249 249 249 249 249 249 249 249 249 249 249 249 249 249 249 249 249 249 249 249 249 249 249 249 249 249 249 249 249 249 249 249 249 249 249 249 249 249 249 249 249 249 249 249 249 249 
247 247 247 247 247 247 247 247 247 247 247 247 247 247 247 247 247 247 247 247 247 247 247 247 247 247 247 247 247 247 247 247 247 247 247 247 247 247 247 247 247 247 247 247 247 247 247 247 247 247 
241 241 241 241 241 241 241 241 241 241 241 241 241 241 241 241 241 241 241 241 241 241 241 241 241 241 241 241 241 241 241 241 241 241 241 241 241 241 241 241 241 241 241 241 241 241 241 241 241 241 
237 237 237 237 237 237 237 237 237 237 237 237 237 237 237 237 237 237 237 237 237 237 237 237 237 237 237 237 237 237 237 237 237 237 237 237 237 237 237 237 237 237 237 237 237 237 237 237 237 237 
219 219 219 219 219 219 219 219 219 219 219 219 219 219 219 219 219 219 219 219 219 219 219 219 219 219 219 219 219 219 219 219 219 219 219 219 219 219 219 219 219 219 219 219 219 219 219 219 219 219 
215 215 215 215 215 215 215 215 215 215 215 215 215 215 215 215 215 215 215 215 215 215 215 215 215 215 215 215 215 215 215 215 215 215 215 215 215 215 215 215 215 215 215 215 215 215 215 215 215 215 
205 205 205 205 205 205 205 205 205 205 205 205 205 205 205 205 205 205 205 205 205 205 205 205 205 205 205 205 205 205 205 205 205 205 205 205 205 205 205 205 205 205 205 205 205 205 205 205 205 205 
199 199 199 199 199 199 199 199 199 199 199 199 199 199 199 199 199 199 199 199 199 199 199 199 199 199 199 199 199 199 199 199 199 199 199 199 199 199 199 199 199 199 199 199 199 199 199 199 199 199 
196 196 196 196 196 196 196 196 196 196 196 196 196 196 196 196 196 196 196 196 196 196 196 196 196 196 196 196 196 196 196 196 196 196 196 196 196 196 196 196 196 196 196 196 196 196 196 196 196 196 
193 193 193 193 193 193 193 193 193 193 193 193 193 193 193 193 193 193 193 193 193 193 193 193 193 193 193 193 193 193 193 193 193 193 193 193 193 193 193 193 193 193 193 193 193 193 193 193 193 193 
191 191 191 191 191 191 191 191 191 191 191 191 191 191 191 191 191 191 191 191 191 191 191 191 191 191 191 191 191 191 191 191 191 191 191 191 191 191 191 191 191 191 191 191 191 191 191 191 191 191 
187 187 187 187 187 187 187 187 187 187 187 187 187 187 187 187 187 187 187 187 187 187 187 187 187 187 187 187 187 187 187 187 187 187 187 187 187 187 187 187 187 187 187 187 187 187 187 187 187 187 
185 185 185 185 185 185 185 185 185 185 185 185 185 185 185 185 185 185 185 185 185 185 185 185 185 185 185 185 185 185 185 185 185 185 185 185 185 185 185 185 185 185 185 185 185 185 185 185 185 185 
182 182 182 182 182 182 182 182 182 182 182 182 182 182 182 182 182 182 182 182 182 182 182 182 182 182 182 182 182 182 182 182 182 182 182 182 182 182 182 182 182 182 182 182 182 182 182 182 182 182 
175 175 175 175 175 175 175 175 175 175 175 175 175 175 175 175 175 175 175 175 175 175 175 175 175 175 175 175 175 175 175 175 175 175 175 175 175 175 175 175 175 175 175 175 175 175 175 175 175 175 
