100 100 1000 34
621 621 621 621 621 621 621 621 621 621 621 621 621 621 621 621 621 621 621 621 621 621 621 621 621 621 621 621 621 621 621 621 621 621 621 621 621 621 621 621 621 621 621 621 621 621 621 621 621 621 621 621 621 621 621 621 621 621 621 621 621 621 621 621 621 621 621 621 621 621 621 621 621 621 621 621 621 621 621 621 621 621 621 621 621 621 621 621 621 621 621 621 621 621 621 621 621 621 621 621 
620 620 620 620 620 620 620 620 620 620 620 620 620 620 620 620 620 620 620 620 620 620 620 620 620 620 620 620 620 620 620 620 620 620 620 620 620 620 620 620 620 620 620 620 620 620 620 620 620 620 620 620 620 620 620 620 620 620 620 620 620 620 620 620 620 620 620 620 620 620 620 620 620 620 620 620 620 620 620 620 620 620 620 620 620 620 620 620 620 620 620 620 620 620 620 620 620 620 620 620 
617 617 617 617 617 617 617 617 617 617 617 617 617 617 617 617 617 617 617 617 617 617 617 617 617 617 617 617 617 617 617 617 617 617 617 617 617 617 617 617 617 617 617 617 617 617 617 617 617 617 617 617 617 617 617 617 617 617 617 617 617 617 617 617 617 617 617 617 617 617 617 617 617 617 617 617 617 617 617 617 617 617 617 617 617 617 617 617 617 617 617 617 617 617 617 617 617 617 617 617 
607 607 607 607 607 607 607 607 607 607 607 607 607 607 607 607 607 607 607 607 607 607 607 607 607 607 607 607 607 607 607 607 607 607 607 607 607 607 607 607 607 607 607 607 607 607 607 607 607 607 607 607 607 607 607 607 607 607 607 607 607 607 607 607 607 607 607 607 607 607 607 607 607 607 607 607 607 607 607 607 607 607 607 607 607 607 607 607 607 607 607 607 607 607 607 607 607 607 607 607 
602 602 602 602 602 602 602 602 602 602 602 602 602 602 602 602 602 602 602 602 602 602 602 602 602 602 602 602 602 602 602 602 602 602 602 602 602 602 602 602 602 602 602 602 602 602 602 602 602 602 602 602 602 602 602 602 602 602 602 602 602 602 602 602 602 602 602 602 602 602 602 602 602 602 602 602 602 602 602 602 602 602 602 602 602 602 602 602 602 602 602 602 602 602 602 602 602 602 602 602 
591 591 591 591 591 591 591 591 591 591 591 591 591 591 591 591 591 591 591 591 591 591 591 591 591 591 591 591 591 591 591 591 591 591 591 591 591 591 591 591 591 591 591 591 591 591 591 591 591 591 591 591 591 591 591 591 591 591 591 591 591 591 591 591 591 591 591 591 591 591 591 591 591 591 591 591 591 591 591 591 591 591 591 591 591 591 591 591 591 591 591 591 591 591 591 591 591 591 591 591 
589 589 589 589 589 589 589 589 589 589 589 589 589 589 589 589 589 589 589 589 589 589 589 589 589 589 589 589 589 589 589 589 589 589 589 589 589 589 589 589 589 589 589 589 589 589 589 589 589 589 589 589 589 589 589 589 589 589 589 589 589 589 589 589 589 589 589 589 589 589 589 589 589 589 589 589 589 589 589 589 589 589 589 589 589 589 589 589 589 589 589 589 589 589 589 589 589 589 589 589 
586 586 586 586 586 586 586 586 586 586 586 586 586 586 586 586 586 586 586 586 586 586 586 586 586 586 586 586 586 586 586 586 586 586 586 586 586 586 586 586 586 586 586 586 586 586 586 586 586 586 586 586 586 586 586 586 586 586 586 586 586 586 586 586 586 586 586 586 586 586 586 586 586 586 586 586 586 586 586 586 586 586 586 586 586 586 586 586 586 586 586 586 586 586 586 586 586 586 586 586 
585 585 585 585 585 585 585 585 585 585 585 585 585 585 585 585 585 585 585 585 585 585 585 585 585 585 585 585 585 585 585 585 585 585 585 585 585 585 585 585 585 585 585 585 585 585 585 585 585 585 585 585 585 585 585 585 585 585 585 585 585 585 585 585 585 585 585 585 585 585 585 585 585 585 585 585 585 585 585 585 585 585 585 585 585 585 585 585 585 585 585 585 585 585 585 585 585 585 585 585 
581 581 581 581 581 581 581 581 581 581 581 581 581 581 581 581 581 581 581 581 581 581 581 581 581 581 581 581 581 581 581 581 581 581 581 581 581 581 581 581 581 581 581 581 581 581 581 581 581 581 581 581 581 581 581 581 581 581 581 581 581 581 581 581 581 581 581 581 581 581 581 581 581 581 581 581 581 581 581 581 581 581 581 581 581 581 581 581 581 581 581 581 581 581 581 581 581 581 581 581 
579 579 579 579 579 579 579 579 579 579 579 579 579 579 579 579 579 579 579 579 579 579 579 579 579 579 579 579 579 579 579 579 579 579 579 579 579 579 579 579 579 579 579 579 579 579 579 579 579 579 579 579 579 579 579 579 579 579 579 579 579 579 579 579 579 579 579 579 579 579 579 579 579 579 579 579 579 579 579 579 579 579 579 579 579 579 579 579 579 579 579 579 579 579 579 579 579 579 579 579 
569 569 569 569 569 569 569 569 569 569 569 569 569 569 569 569 569 569 569 569 569 569 569 569 569 569 569 569 569 569 569 569 569 569 569 569 569 569 569 569 569 569 569 569 569 569 569 569 569 569 569 569 569 569 569 569 569 569 569 569 569 569 569 569 569 569 569 569 569 569 569 569 569 569 569 569 569 569 569 569 569 569 569 569 569 569 569 569 569 569 569 569 569 569 569 569 569 569 569 569 
561 561 561 561 561 561 561 561 561 561 561 561 561 561 561 561 561 561 561 561 561 561 561 561 561 561 561 561 561 561 561 561 561 561 561 561 561 561 561 561 561 561 561 561 561 561 561 561 561 561 561 561 561 561 561 561 561 561 561 561 561 561 561 561 561 561 561 561 561 561 561 561 561 561 561 561 561 561 561 561 561 561 561 561 561 561 561 561 561 561 561 561 561 561 561 561 561 561 561 561 
558 558 558 558 558 558 558 558 558 558 558 558 558 558 558 558 558 558 558 558 558 558 558 558 558 558 558 558 558 558 558 558 558 558 558 558 558 558 558 558 558 558 558 558 558 558 558 558 558 558 558 558 558 558 558 558 558 558 558 558 558 558 558 558 558 558 558 558 558 558 558 558 558 558 558 558 558 558 558 558 558 558 558 558 558 558 558 558 558 558 558 558 558 558 558 558 558 558 558 558 
555 555 555 555 555 555 555 555 555 555 555 555 555 555 555 555 555 555 555 555 555 555 555 555 555 555 555 555 555 555 555 555 555 555 555 555 555 555 555 555 555 555 555 555 555 555 555 555 555 555 555 555 555 555 555 555 555 555 555 555 555 555 555 555 555 555 555 555 555 555 555 555 555 555 555 555 555 555 555 555 555 555 555 555 555 555 555 555 555 555 555 555 555 555 555 555 555 555 555 555 
554 554 554 554 554 554 554 554 554 554 554 554 554 554 554 554 554 554 554 554 554 554 554 554 554 554 554 554 554 554 554 554 554 554 554 554 554 554 554 554 554 554 554 554 554 554 554 554 554 554 554 554 554 554 554 554 554 554 554 554 554 554 554 554 554 554 554 554 554 554 554 554 554 554 554 554 554 554 554 554 554 554 554 554 554 554 554 554 554 554 554 554 554 554 554 554 554 554 554 554 
546 546 546 546 546 546 546 546 546 546 546 546 546 546 546 546 546 546 546 546 546 546 546 546 546 546 546 546 546 546 546 546 546 546 546 546 546 546 546 546 546 546 546 546 546 546 546 546 546 546 546 546 546 546 546 546 546 546 546 546 546 546 546 546 546 546 546 546 546 546 546 546 546 546 546 546 546 546 546 546 546 546 546 546 546 546 546 546 546 546 546 546 546 546 546 546 546 546 546 546 
544 544 544 544 544 544 544 544 544 544 544 544 544 544 544 544 544 544 544 544 544 544 544 544 544 544 544 544 544 544 544 544 544 544 544 544 544 544 544 544 544 544 544 544 544 544 544 544 544 544 544 544 544 544 544 544 544 544 544 544 544 544 544 544 544 544 544 544 544 544 544 544 544 544 544 544 544 544 544 544 544 544 544 544 544 544 544 544 544 544 544 544 544 544 544 544 544 544 544 544 
539 539 539 539 539 539 539 539 539 539 539 539 539 539 539 539 539 539 539 539 539 539 539 539 539 539 539 539 539 539 539 539 539 539 539 539 539 539 539 539 539 539 539 539 539 539 539 539 539 539 539 539 539 539 539 539 539 539 539 539 539 539 539 539 539 539 539 539 539 539 539 539 539 539 539 539 539 539 539 539 539 539 539 539 539 539 539 539 539 539 539 539 539 539 539 539 539 539 539 539 
539 539 539 539 539 539 539 539 539 539 539 539 539 539 539 539 539 539 539 539 539 539 539 539 539 539 539 539 539 539 539 539 539 539 539 539 539 539 539 539 539 539 539 539 539 539 539 539 539 539 539 539 539 539 539 539 539 539 539 539 539 539 539 539 539 539 539 539 539 539 539 539 539 539 539 539 539 539 539 539 539 539 539 539 539 539 539 539 539 539 539 539 539 539 539 539 539 539 539 539 
526 526 526 526 526 526 526 526 526 526 526 526 526 526 526 526 526 526 526 526 526 526 526 526 526 526 526 526 526 526 526 526 526 526 526 526 526 526 526 526 526 526 526 526 526 526 526 526 526 526 526 526 526 526 526 526 526 526 526 526 526 526 526 526 526 526 526 526 526 526 526 526 526 526 526 526 526 526 526 526 526 526 526 526 526 526 526 526 526 526 526 526 526 526 526 526 526 526 526 526 
503 503 503 503 503 503 503 503 503 503 503 503 503 503 503 503 503 503 503 503 503 503 503 503 503 503 503 503 503 503 503 503 503 503 503 503 503 503 503 503 503 503 503 503 503 503 503 503 503 503 503 503 503 503 503 503 503 503 503 503 503 503 503 503 503 503 503 503 503 503 503 503 503 503 503 503 503 503 503 503 503 503 503 503 503 503 503 503 503 503 503 503 503 503 503 503 503 503 503 503 
502 502 502 502 502 502 502 502 502 502 502 502 502 502 502 502 502 502 502 502 502 502 502 502 502 502 502 502 502 502 502 502 502 502 502 502 502 502 502 502 502 502 502 502 502 502 502 502 502 502 502 502 502 502 502 502 502 502 502 502 502 502 502 502 502 502 502 502 502 502 502 502 502 502 502 502 502 502 502 502 502 502 502 502 502 502 502 502 502 502 502 502 502 502 502 502 502 502 502 502 
498 498 498 498 498 498 498 498 498 498 498 498 498 498 498 498 498 498 498 498 498 498 498 498 498 498 498 498 498 498 498 498 498 498 498 498 498 498 498 498 498 498 498 498 498 498 498 498 498 498 498 498 498 498 498 498 498 498 498 498 498 498 498 498 498 498 498 498 498 498 498 498 498 498 498 498 498 498 498 498 498 498 498 498 498 498 498 498 498 498 498 498 498 498 498 498 498 498 498 498 
489 489 489 489 489 489 489 489 489 489 489 489 489 489 489 489 489 489 489 489 489 489 489 489 489 489 489 489 489 489 489 489 489 489 489 489 489 489 489 489 489 489 489 489 489 489 489 489 489 489 489 489 489 489 489 489 489 489 489 489 489 489 489 489 489 489 489 489 489 489 489 489 489 489 489 489 489 489 489 489 489 489 489 489 489 489 489 489 489 489 489 489 489 489 489 489 489 489 489 489 
471 471 471 471 471 471 471 471 471 471 471 471 471 471 471 471 471 471 471 471 471 471 471 471 471 471 471 471 471 471 471 471 471 471 471 471 471 471 471 471 471 471 471 471 471 471 471 471 471 471 471 471 471 471 471 471 471 471 471 471 471 471 471 471 471 471 471 471 471 471 471 471 471 471 471 471 471 471 471 471 471 471 471 471 471 471 471 471 471 471 471 471 471 471 471 471 471 471 471 471 
456 456 456 456 456 456 456 456 456 456 456 456 456 456 456 456 456 456 456 456 456 456 456 456 456 456 456 456 456 456 456 456 456 456 456 456 456 456 456 456 456 456 456 456 456 456 456 456 456 456 456 456 456 456 456 456 456 456 456 456 456 456 456 456 456 456 456 456 456 456 456 456 456 456 456 456 456 456 456 456 456 456 456 456 456 456 456 456 456 456 456 456 456 456 456 456 456 456 456 456 
451 451 451 451 451 451 451 451 451 451 451 451 451 451 451 451 451 451 451 451 451 451 451 451 451 451 451 451 451 451 451 451 451 451 451 451 451 451 451 451 451 451 451 451 451 451 451 451 451 451 451 451 451 451 451 451 451 451 451 451 451 451 451 451 451 451 451 451 451 451 451 451 451 451 451 451 451 451 451 451 451 451 451 451 451 451 451 451 451 451 451 451 451 451 451 451 451 451 451 451 
450 450 450 450 450 450 450 450 450 450 450 450 450 450 450 450 450 450 450 450 450 450 450 450 450 450 450 450 450 450 450 450 450 450 450 450 450 450 450 450 450 450 450 450 450 450 450 450 450 450 450 450 450 450 450 450 450 450 450 450 450 450 450 450 450 450 450 450 450 450 450 450 450 450 450 450 450 450 450 450 450 450 450 450 450 450 450 450 450 450 450 450 450 450 450 450 450 450 450 450 
443 443 443 443 443 443 443 443 443 443 443 443 443 443 443 443 443 443 443 443 443 443 443 443 443 443 443 443 443 443 443 443 443 443 443 443 443 443 443 443 443 443 443 443 443 443 443 443 443 443 443 443 443 443 443 443 443 443 443 443 443 443 443 443 443 443 443 443 443 443 443 443 443 443 443 443 443 443 443 443 443 443 443 443 443 443 443 443 443 443 443 443 443 443 443 443 443 443 443 443 
438 438 438 438 438 438 438 438 438 438 438 438 438 438 438 438 438 438 438 438 438 438 438 438 438 438 438 438 438 438 438 438 438 438 438 438 438 438 438 438 438 438 438 438 438 438 438 438 438 438 438 438 438 438 438 438 438 438 438 438 438 438 438 438 438 438 438 438 438 438 438 438 438 438 438 438 438 438 438 438 438 438 438 438 438 438 438 438 438 438 438 438 438 438 438 438 438 438 438 438 
436 436 436 436 436 436 436 436 436 436 436 436 436 436 436 436 436 436 436 436 436 436 436 436 436 436 436 436 436 436 436 436 436 436 436 436 436 436 436 436 436 436 436 436 436 436 436 436 436 436 436 436 436 436 436 436 436 436 436 436 436 436 436 436 436 436 436 436 436 436 436 436 436 436 436 436 436 436 436 436 436 436 436 436 436 436 436 436 436 436 436 436 436 436 436 436 436 436 436 436 
434 434 434 434 434 434 434 434 434 434 434 434 434 434 434 434 434 434 434 434 434 434 434 434 434 434 434 434 434 434 434 434 434 434 434 434 434 434 434 434 434 434 434 434 434 434 434 434 434 434 434 434 434 434 434 434 434 434 434 434 434 434 434 434 434 434 434 434 434 434 434 434 434 434 434 434 434 434 434 434 434 434 434 434 434 434 434 434 434 434 434 434 434 434 434 434 434 434 434 434 
425 425 425 425 425 425 425 425 425 425 425 425 425 425 425 425 425 425 425 425 425 425 425 425 425 425 425 425 425 425 425 425 425 425 425 425 425 425 425 425 425 425 425 425 425 425 425 425 425 425 425 425 425 425 425 425 425 425 425 425 425 425 425 425 425 425 425 425 425 425 425 425 425 425 425 425 425 425 425 425 425 425 425 425 425 425 425 425 425 425 425 425 425 425 425 425 425 425 425 425 
424 424 424 424 424 424 424 424 424 424 424 424 424 424 424 424 424 424 424 424 424 424 424 424 424 424 424 424 424 424 424 424 424 424 424 424 424 424 424 424 424 424 424 424 424 424 424 424 424 424 424 424 424 424 424 424 424 424 424 424 424 424 424 424 424 424 424 424 424 424 424 424 424 424 424 424 424 424 424 424 424 424 424 424 424 424 424 424 424 424 424 424 424 424 424 424 424 424 424 424 
424 424 424 424 424 424 424 424 424 424 424 424 424 424 424 424 424 424 424 424 424 424 424 424 424 424 424 424 424 424 424 424 424 424 424 424 424 424 424 424 424 424 424 424 424 424 424 424 424 424 424 424 424 424 424 424 424 424 424 424 424 424 424 424 424 424 424 424 424 424 424 424 424 424 424 424 424 424 424 424 424 424 424 424 424 424 424 424 424 424 424 424 424 424 424 424 424 424 424 424 
420 420 420 420 420 420 420 420 420 420 420 420 420 420 420 420 420 420 420 420 420 420 420 420 420 420 420 420 420 420 420 420 420 420 420 420 420 420 420 420 420 420 420 420 420 420 420 420 420 420 420 420 420 420 420 420 420 420 420 420 420 420 420 420 420 420 420 420 420 420 420 420 420 420 420 420 420 420 420 420 420 420 420 420 420 420 420 420 420 420 420 420 420 420 420 420 420 420 420 420 
420 420 420 420 420 420 420 420 420 420 420 420 420 420 420 420 420 420 420 420 420 420 420 420 420 420 420 420 420 420 420 420 420 420 420 420 420 420 420 420 420 420 420 420 420 420 420 420 420 420 420 420 420 420 420 420 420 420 420 420 420 420 420 420 420 420 420 420 420 420 420 420 420 420 420 420 420 420 420 420 420 420 420 420 420 420 420 420 420 420 420 420 420 420 420 420 420 420 420 420 
418 418 418 418 418 418 418 418 418 418 418 418 418 418 418 418 418 418 418 418 418 418 418 418 418 418 418 418 418 418 418 418 418 418 418 418 418 418 418 418 418 418 418 418 418 418 418 418 418 418 418 418 418 418 418 418 418 418 418 418 418 418 418 418 418 418 418 418 418 418 418 418 418 418 418 418 418 418 418 418 418 418 418 418 418 418 418 418 418 418 418 418 418 418 418 418 418 418 418 418 
408 408 408 408 408 408 408 408 408 408 408 408 408 408 408 408 408 408 408 408 408 408 408 408 408 408 408 408 408 408 408 408 408 408 408 408 408 408 408 408 408 408 408 408 408 408 408 408 408 408 408 408 408 408 408 408 408 408 408 408 408 408 408 408 408 408 408 408 408 408 408 408 408 408 408 408 408 408 408 408 408 408 408 408 408 408 408 408 408 408 408 408 408 408 408 408 408 408 408 408 
405 405 405 405 405 405 405 405 405 405 405 405 405 405 405 405 405 405 405 405 405 405 405 405 405 405 405 405 405 405 405 405 405 405 405 405 405 405 405 405 405 405 405 405 405 405 405 405 405 405 405 405 405 405 405 405 405 405 405 405 405 405 405 405 405 405 405 405 405 405 405 405 405 405 405 405 405 405 405 405 405 405 405 405 405 405 405 405 405 405 405 405 405 405 405 405 405 405 405 405 
404 404 404 404 404 404 404 404 404 404 404 404 404 404 404 404 404 404 404 404 404 404 404 404 404 404 404 404 404 404 404 404 404 404 404 404 404 404 404 404 404 404 404 404 404 404 404 404 404 404 404 404 404 404 404 404 404 404 404 404 404 404 404 404 404 404 404 404 404 404 404 404 404 404 404 404 404 404 404 404 404 404 404 404 404 404 404 404 404 404 404 404 404 404 404 404 404 404 404 404 
377 377 377 377 377 377 377 377 377 377 377 377 377 377 377 377 377 377 377 377 377 377 377 377 377 377 377 377 377 377 377 377 377 377 377 377 377 377 377 377 377 377 377 377 377 377 377 377 377 377 377 377 377 377 377 377 377 377 377 377 377 377 377 377 377 377 377 377 377 377 377 377 377 377 377 377 377 377 377 377 377 377 377 377 377 377 377 377 377 377 377 377 377 377 377 377 377 377 377 377 
371 371 371 371 371 371 371 371 371 371 371 371 371 371 371 371 371 371 371 371 371 371 371 371 371 371 371 371 371 371 371 371 371 371 371 371 371 371 371 371 371 371 371 371 371 371 371 371 371 371 371 371 371 371 371 371 371 371 371 371 371 371 371 371 371 371 371 371 371 371 371 371 371 371 371 371 371 371 371 371 371 371 371 371 371 371 371 371 371 371 371 371 371 371 371 371 371 371 371 371 
361 361 361 361 361 361 361 361 361 361 361 361 361 361 361 361 361 361 361 361 361 361 361 361 361 361 361 361 361 361 361 361 361 361 361 361 361 361 361 361 361 361 361 361 361 361 361 361 361 361 361 361 361 361 361 361 361 361 361 361 361 361 361 361 361 361 361 361 361 361 361 361 361 361 361 361 361 361 361 361 361 361 361 361 361 361 361 361 361 361 361 361 361 361 361 361 361 361 361 361 
359 359 359 359 359 359 359 359 359 359 359 359 359 359 359 359 359 359 359 359 359 359 359 359 359 359 359 359 359 359 359 359 359 359 359 359 359 359 359 359 359 359 359 359 359 359 359 359 359 359 359 359 359 359 359 359 359 359 359 359 359 359 359 359 359 359 359 359 359 359 359 359 359 359 359 359 359 359 359 359 359 359 359 359 359 359 359 359 359 359 359 359 359 359 359 359 359 359 359 359 
346 346 346 346 346 346 346 346 346 346 346 346 346 346 346 346 346 346 346 346 346 346 346 346 346 346 346 346 346 346 346 346 346 346 346 346 346 346 346 346 346 346 346 346 346 346 346 346 346 346 346 346 346 346 346 346 346 346 346 346 346 346 346 346 346 346 346 346 346 346 346 346 346 346 346 346 346 346 346 346 346 346 346 346 346 346 346 346 346 346 346 346 346 346 346 346 346 346 346 346 
340 340 340 340 340 340 340 340 340 340 340 340 340 340 340 340 340 340 340 340 340 340 340 340 340 340 340 340 340 340 340 340 340 340 340 340 340 340 340 340 340 340 340 340 340 340 340 340 340 340 340 340 340 340 340 340 340 340 340 340 340 340 340 340 340 340 340 340 340 340 340 340 340 340 340 340 340 340 340 340 340 340 340 340 340 340 340 340 340 340 340 340 340 340 340 340 340 340 340 340 
331 331 331 331 331 331 331 331 331 331 331 331 331 331 331 331 331 331 331 331 331 331 331 331 331 331 331 331 331 331 331 331 331 331 331 331 331 331 331 331 331 331 331 331 331 331 331 331 331 331 331 331 331 331 331 331 331 331 331 331 331 331 331 331 331 331 331 331 331 331 331 331 331 331 331 331 331 331 331 331 331 331 331 331 331 331 331 331 331 331 331 331 331 331 331 331 331 331 331 331 
321 321 321 321 321 321 321 321 321 321 321 321 321 321 321 321 321 321 321 321 321 321 321 321 321 321 321 321 321 321 321 321 321 321 321 321 321 321 321 321 321 321 321 321 321 321 321 321 321 321 321 321 321 321 321 321 321 321 321 321 321 321 321 321 321 321 321 321 321 321 321 321 321 321 321 321 321 321 321 321 321 321 321 321 321 321 321 321 321 321 321 321 321 321 321 321 321 321 321 321 
320 320 320 320 320 320 320 320 320 320 320 320 320 320 320 320 320 320 320 320 320 320 320 320 320 320 320 320 320 320 320 320 320 320 320 320 320 320 320 320 320 320 320 320 320 320 320 320 320 320 320 320 320 320 320 320 320 320 320 320 320 320 320 320 320 320 320 320 320 320 320 320 320 320 320 320 320 320 320 320 320 320 320 320 320 320 320 320 320 320 320 320 320 320 320 320 320 320 320 320 
313 313 313 313 313 313 313 313 313 313 313 313 313 313 313 313 313 313 313 313 313 313 313 313 313 313 313 313 313 313 313 313 313 313 313 313 313 313 313 313 313 313 313 313 313 313 313 313 313 313 313 313 313 313 313 313 313 313 313 313 313 313 313 313 313 313 313 313 313 313 313 313 313 313 313 313 313 313 313 313 313 313 313 313 313 313 313 313 313 313 313 313 313 313 313 313 313 313 313 313 
310 310 310 310 310 310 310 310 310 310 310 310 310 310 310 310 310 310 310 310 310 310 310 310 310 310 310 310 310 310 310 310 310 310 310 310 310 310 310 310 310 310 310 310 310 310 310 310 310 310 310 310 310 310 310 310 310 310 310 310 310 310 310 310 310 310 310 310 310 310 310 310 310 310 310 310 310 310 310 310 310 310 310 310 310 310 310 310 310 310 310 310 310 310 310 310 310 310 310 310 
308 308 308 308 308 308 308 308 308 308 308 308 308 308 308 308 308 308 308 308 308 308 308 308 308 308 308 308 308 308 308 308 308 308 308 308 308 308 308 308 308 308 308 308 308 308 308 308 308 308 308 308 308 308 308 308 308 308 308 308 308 308 308 308 308 308 308 308 308 308 308 308 308 308 308 308 308 308 308 308 308 308 308 308 308 308 308 308 308 308 308 308 308 308 308 308 308 308 308 308 
299 299 299 299 299 299 299 299 299 299 299 299 299 299 299 299 299 299 299 299 299 299 299 299 299 299 299 299 299 299 299 299 299 299 299 299 299 299 299 299 299 299 299 299 299 299 299 299 299 299 299 299 299 299 299 299 299 299 299 299 299 299 299 299 299 299 299 299 299 299 299 299 299 299 299 299 299 299 299 299 299 299 299 299 299 299 299 299 299 299 299 299 299 299 299 299 299 299 299 299 
286 286 286 286 286 286 286 286 286 286 286 286 286 286 286 286 286 286 286 286 286 286 286 286 286 286 286 286 286 286 286 286 286 286 286 286 286 286 286 286 286 286 286 286 286 286 286 286 286 286 286 286 286 286 286 286 286 286 286 286 286 286 286 286 286 286 286 286 286 286 286 286 286 286 286 286 286 286 286 286 286 286 286 286 286 286 286 286 286 286 286 286 286 286 286 286 286 286 286 286 
281 281 281 281 281 281 281 281 281 281 281 281 281 281 281 281 281 281 281 281 281 281 281 281 281 281 281 281 281 281 281 281 281 281 281 281 281 281 281 281 281 281 281 281 281 281 281 281 281 281 281 281 281 281 281 281 281 281 281 281 281 281 281 281 281 281 281 281 281 281 281 281 281 281 281 281 281 281 281 281 281 281 281 281 281 281 281 281 281 281 281 281 281 281 281 281 281 281 281 281 
274 274 274 274 274 274 274 274 274 274 274 274 274 274 274 274 274 274 274 274 274 274 274 274 274 274 274 274 274 274 274 274 274 274 274 274 274 274 274 274 274 274 274 274 274 274 274 274 274 274 274 274 274 274 274 274 274 274 274 274 274 274 274 274 274 274 274 274 274 274 274 274 274 274 274 274 274 274 274 274 274 274 274 274 274 274 274 274 274 274 274 274 274 274 274 274 274 274 274 274 
270 270 270 270 270 270 270 270 270 270 270 270 270 270 270 270 270 270 270 270 270 270 270 270 270 270 270 270 270 270 270 270 270 270 270 270 270 270 270 270 270 270 270 270 270 270 270 270 270 270 270 270 270 270 270 270 270 270 270 270 270 270 270 270 270 270 270 270 270 270 270 270 270 270 270 270 270 270 270 270 270 270 270 270 270 270 270 270 270 270 270 270 270 270 270 270 270 270 270 270 
269 269 269 269 269 269 269 269 269 269 269 269 269 269 269 269 269 269 269 269 269 269 269 269 269 269 269 269 269 269 269 269 269 269 269 269 269 269 269 269 269 269 269 269 269 269 269 269 269 269 269 269 269 269 269 269 269 269 269 269 269 269 269 269 269 269 269 269 269 269 269 269 269 269 269 269 269 269 269 269 269 269 269 269 269 269 269 269 269 269 269 269 269 269 269 269 269 269 269 269 
264 264 264 264 264 264 264 264 264 264 264 264 264 264 264 264 264 264 264 264 264 264 264 264 264 264 264 264 264 264 264 264 264 264 264 264 264 264 264 264 264 264 264 264 264 264 264 264 264 264 264 264 264 264 264 264 264 264 264 264 264 264 264 264 264 264 264 264 264 264 264 264 264 264 264 264 264 264 264 264 264 264 264 264 264 264 264 264 264 264 264 264 264 264 264 264 264 264 264 264 
262 262 262 262 262 262 262 262 262 262 262 262 262 262 262 262 262 262 262 262 262 262 262 262 262 262 262 262 262 262 262 262 262 262 262 262 262 262 262 262 262 262 262 262 262 262 262 262 262 262 262 262 262 262 262 262 262 262 262 262 262 262 262 262 262 262 262 262 262 262 262 262 262 262 262 262 262 262 262 262 262 262 262 262 262 262 262 262 262 262 262 262 262 262 262 262 262 262 262 262 
262 262 262 262 262 262 262 262 262 262 262 262 262 262 262 262 262 262 262 262 262 262 262 262 262 262 262 262 262 262 262 262 262 262 262 262 262 262 262 262 262 262 262 262 262 262 262 262 262 262 262 262 262 262 262 262 262 262 262 262 262 262 262 262 262 262 262 262 262 262 262 262 262 262 262 262 262 262 262 262 262 262 262 262 262 262 262 262 262 262 262 262 262 262 262 262 262 262 262 262 
254 254 254 254 254 254 254 254 254 254 254 254 254 254 254 254 254 254 254 254 254 254 254 254 254 254 254 254 254 254 254 254 254 254 254 254 254 254 254 254 254 254 254 254 254 254 254 254 254 254 254 254 254 254 254 254 254 254 254 254 254 254 254 254 254 254 254 254 254 254 254 254 254 254 254 254 254 254 254 254 254 254 254 254 254 254 254 254 254 254 254 254 254 254 254 254 254 254 254 254 
250 250 250 250 250 250 250 250 250 250 250 250 250 250 250 250 250 250 250 250 250 250 250 250 250 250 250 250 250 250 250 250 250 250 250 250 250 250 250 250 250 250 250 250 250 250 250 250 250 250 250 250 250 250 250 250 250 250 250 250 250 250 250 250 250 250 250 250 250 250 250 250 250 250 250 250 250 250 250 250 250 250 250 250 250 250 250 250 250 250 250 250 250 250 250 250 250 250 250 250 
215 215 215 215 215 215 215 215 215 215 215 215 215 215 215 215 215 215 215 215 215 215 215 215 215 215 215 215 215 215 215 215 215 215 215 215 215 215 215 215 215 215 215 215 215 215 215 215 215 215 215 215 215 215 215 215 215 215 215 215 215 215 215 215 215 215 215 215 215 215 215 215 215 215 215 215 215 215 215 215 215 215 215 215 215 215 215 215 215 215 215 215 215 215 215 215 215 215 215 215 
214 214 214 214 214 214 214 214 214 214 214 214 214 214 214 214 214 214 214 214 214 214 214 214 214 214 214 214 214 214 214 214 214 214 214 214 214 214 214 214 214 214 214 214 214 214 214 214 214 214 214 214 214 214 214 214 214 214 214 214 214 214 214 214 214 214 214 214 214 214 214 214 214 214 214 214 214 214 214 214 214 214 214 214 214 214 214 214 214 214 214 214 214 214 214 214 214 214 214 214 
208 208 208 208 208 208 208 208 208 208 208 208 208 208 208 208 208 208 208 208 208 208 208 208 208 208 208 208 208 208 208 208 208 208 208 208 208 208 208 208 208 208 208 208 208 208 208 208 208 208 208 208 208 208 208 208 208 208 208 208 208 208 208 208 208 208 208 208 208 208 208 208 208 208 208 208 208 208 208 208 208 208 208 208 208 208 208 208 208 208 208 208 208 208 208 208 208 208 208 208 
205 205 205 205 205 205 205 205 205 205 205 205 205 205 205 205 205 205 205 205 205 205 205 205 205 205 205 205 205 205 205 205 205 205 205 205 205 205 205 205 205 205 205 205 205 205 205 205 205 205 205 205 205 205 205 205 205 205 205 205 205 205 205 205 205 205 205 205 205 205 205 205 205 205 205 205 205 205 205 205 205 205 205 205 205 205 205 205 205 205 205 205 205 205 205 205 205 205 205 205 
200 200 200 200 200 200 200 200 200 200 200 200 200 200 200 200 200 200 200 200 200 200 200 200 200 200 200 200 200 200 200 200 200 200 200 200 200 200 200 200 200 200 200 200 200 200 200 200 200 200 200 200 200 200 200 200 200 200 200 200 200 200 200 200 200 200 200 200 200 200 200 200 200 200 200 200 200 200 200 200 200 200 200 200 200 200 200 200 200 200 200 200 200 200 200 200 200 200 200 200 
193 193 193 193 193 193 193 193 193 193 193 193 193 193 193 193 193 193 193 193 193 193 193 193 193 193 193 193 193 193 193 193 193 193 193 193 193 193 193 193 193 193 193 193 193 193 193 193 193 193 193 193 193 193 193 193 193 193 193 193 193 193 193 193 193 193 193 193 193 193 193 193 193 193 193 193 193 193 193 193 193 193 193 193 193 193 193 193 193 193 193 193 193 193 193 193 193 193 193 193 
183 183 183 183 183 183 183 183 183 183 183 183 183 183 183 183 183 183 183 183 183 183 183 183 183 183 183 183 183 183 183 183 183 183 183 183 183 183 183 183 183 183 183 183 183 183 183 183 183 183 183 183 183 183 183 183 183 183 183 183 183 183 183 183 183 183 183 183 183 183 183 183 183 183 183 183 183 183 183 183 183 183 183 183 183 183 183 183 183 183 183 183 183 183 183 183 183 183 183 183 
177 177 177 177 177 177 177 177 177 177 177 177 177 177 177 177 177 177 177 177 177 177 177 177 177 177 177 177 177 177 177 177 177 177 177 177 177 177 177 177 177 177 177 177 177 177 177 177 177 177 177 177 177 177 177 177 177 177 177 177 177 177 177 177 177 177 177 177 177 177 177 177 177 177 177 177 177 177 177 177 177 177 177 177 177 177 177 177 177 177 177 177 177 177 177 177 177 177 177 177 
171 171 171 171 171 171 171 171 171 171 171 171 171 171 171 171 171 171 171 171 171 171 171 171 171 171 171 171 171 171 171 171 171 171 171 171 171 171 171 171 171 171 171 171 171 171 171 171 171 171 171 171 171 171 171 171 171 171 171 171 171 171 171 171 171 171 171 171 171 171 171 171 171 171 171 171 171 171 171 171 171 171 171 171 171 171 171 171 171 171 171 171 171 171 171 171 171 171 171 171 
163 163 163 163 163 163 163 163 163 163 163 163 163 163 163 163 163 163 163 163 163 163 163 163 163 163 163 163 163 163 163 163 163 163 163 163 163 163 163 163 163 163 163 163 163 163 163 163 163 163 163 163 163 163 163 163 163 163 163 163 163 163 163 163 163 163 163 163 163 163 163 163 163 163 163 163 163 163 163 163 163 163 163 163 163 163 163 163 163 163 163 163 163 163 163 163 163 163 163 163 
162 162 162 162 162 162 162 162 162 162 162 162 162 162 162 162 162 162 162 162 162 162 162 162 162 162 162 162 162 162 162 162 162 162 162 162 162 162 162 162 162 162 162 162 162 162 162 162 162 162 162 162 162 162 162 162 162 162 162 162 162 162 162 162 162 162 162 162 162 162 162 162 162 162 162 162 162 162 162 162 162 162 162 162 162 162 162 162 162 162 162 162 162 162 162 162 162 162 162 162 
158 158 158 158 158 158 158 158 158 158 158 158 158 158 158 158 158 158 158 158 158 158 158 158 158 158 158 158 158 158 158 158 158 158 158 158 158 158 158 158 158 158 158 158 158 158 158 158 158 158 158 158 158 158 158 158 158 158 158 158 158 158 158 158 158 158 158 158 158 158 158 158 158 158 158 158 158 158 158 158 158 158 158 158 158 158 158 158 158 158 158 158 158 158 158 158 158 158 158 158 
156 156 156 156 156 156 156 156 156 156 156 156 156 156 156 156 156 156 156 156 156 156 156 156 156 156 156 156 156 156 156 156 156 156 156 156 156 156 156 156 156 156 156 156 156 156 156 156 156 156 156 156 156 156 156 156 156 156 156 156 156 156 156 156 156 156 156 156 156 156 156 156 156 156 156 156 156 156 156 156 156 156 156 156 156 156 156 156 156 156 156 156 156 156 156 156 156 156 156 156 
154 154 154 154 154 154 154 154 154 154 154 154 154 154 154 154 154 154 154 154 154 154 154 154 154 154 154 154 154 154 154 154 154 154 154 154 154 154 154 154 154 154 154 154 154 154 154 154 154 154 154 154 154 154 154 154 154 154 154 154 154 154 154 154 154 154 154 154 154 154 154 154 154 154 154 154 154 154 154 154 154 154 154 154 154 154 154 154 154 154 154 154 154 154 154 154 154 154 154 154 
146 146 146 146 146 146 146 146 146 146 146 146 146 146 146 146 146 146 146 146 146 146 146 146 146 146 146 146 146 146 146 146 146 146 146 146 146 146 146 146 146 146 146 146 146 146 146 146 146 146 146 146 146 146 146 146 146 146 146 146 146 146 146 146 146 146 146 146 146 146 146 146 146 146 146 146 146 146 146 146 146 146 146 146 146 146 146 146 146 146 146 146 146 146 146 146 146 146 146 146 
146 146 146 146 146 146 146 146 146 146 146 146 146 146 146 146 146 146 146 146 146 146 146 146 146 146 146 146 146 146 146 146 146 146 146 146 146 146 146 146 146 146 146 146 146 146 146 146 146 146 146 146 146 146 146 146 146 146 146 146 146 146 146 146 146 146 146 146 146 146 146 146 146 146 146 146 146 146 146 146 146 146 146 146 146 146 146 146 146 146 146 146 146 146 146 146 146 146 146 146 
136 136 136 136 136 136 136 136 136 136 136 136 136 136 136 136 136 136 136 136 136 136 136 136 136 136 136 136 136 136 136 136 136 136 136 136 136 136 136 136 136 136 136 136 136 136 136 136 136 136 136 136 136 136 136 136 136 136 136 136 136 136 136 136 136 136 136 136 136 136 136 136 136 136 136 136 136 136 136 136 136 136 136 136 136 136 136 136 136 136 136 136 136 136 136 136 136 136 136 136 
124 124 124 124 124 124 124 124 124 124 124 124 124 124 124 124 124 124 124 124 124 124 124 124 124 124 124 124 124 124 124 124 124 124 124 124 124 124 124 124 124 124 124 124 124 124 124 124 124 124 124 124 124 124 124 124 124 124 124 124 124 124 124 124 124 124 124 124 124 124 124 124 124 124 124 124 124 124 124 124 124 124 124 124 124 124 124 124 124 124 124 124 124 124 124 124 124 124 124 124 
118 118 118 118 118 118 118 118 118 118 118 118 118 118 118 118 118 118 118 118 118 118 118 118 118 118 118 118 118 118 118 118 118 118 118 118 118 118 118 118 118 118 118 118 118 118 118 118 118 118 118 118 118 118 118 118 118 118 118 118 118 118 118 118 118 118 118 118 118 118 118 118 118 118 118 118 118 118 118 118 118 118 118 118 118 118 118 118 118 118 118 118 118 118 118 118 118 118 118 118 
115 115 115 115 115 115 115 115 115 115 115 115 115 115 115 115 115 115 115 115 115 115 115 115 115 115 115 115 115 115 115 115 115 115 115 115 115 115 115 115 115 115 115 115 115 115 115 115 115 115 115 115 115 115 115 115 115 115 115 115 115 115 115 115 115 115 115 115 115 115 115 115 115 115 115 115 115 115 115 115 115 115 115 115 115 115 115 115 115 115 115 115 115 115 115 115 115 115 115 115 
109 109 109 109 109 109 109 109 109 109 109 109 109 109 109 109 109 109 109 109 109 109 109 109 109 109 109 109 109 109 109 109 109 109 109 109 109 109 109 109 109 109 109 109 109 109 109 109 109 109 109 109 109 109 109 109 109 109 109 109 109 109 109 109 109 109 109 109 109 109 109 109 109 109 109 109 109 109 109 109 109 109 109 109 109 109 109 109 109 109 109 109 109 109 109 109 109 109 109 109 
105 105 105 105 105 105 105 105 105 105 105 105 105 105 105 105 105 105 105 105 105 105 105 105 105 105 105 105 105 105 105 105 105 105 105 105 105 105 105 105 105 105 105 105 105 105 105 105 105 105 105 105 105 105 105 105 105 105 105 105 105 105 105 105 105 105 105 105 105 105 105 105 105 105 105 105 105 105 105 105 105 105 105 105 105 105 105 105 105 105 105 105 105 105 105 105 105 105 105 105 
101 101 101 101 101 101 101 101 101 101 101 101 101 101 101 101 101 101 101 101 101 101 101 101 101 101 101 101 101 101 101 101 101 101 101 101 101 101 101 101 101 101 101 101 101 101 101 101 101 101 101 101 101 101 101 101 101 101 101 101 101 101 101 101 101 101 101 101 101 101 101 101 101 101 101 101 101 101 101 101 101 101 101 101 101 101 101 101 101 101 101 101 101 101 101 101 101 101 101 101 
101 101 101 101 101 101 101 101 101 101 101 101 101 101 101 101 101 101 101 101 101 101 101 101 101 101 101 101 101 101 101 101 101 101 101 101 101 101 101 101 101 101 101 101 101 101 101 101 101 101 101 101 101 101 101 101 101 101 101 101 101 101 101 101 101 101 101 101 101 101 101 101 101 101 101 101 101 101 101 101 101 101 101 101 101 101 101 101 101 101 101 101 101 101 101 101 101 101 101 101 
94 94 94 94 94 94 94 94 94 94 94 94 94 94 94 94 94 94 94 94 94 94 94 94 94 94 94 94 94 94 94 94 94 94 94 94 94 94 94 94 94 94 94 94 94 94 94 94 94 94 94 94 94 94 94 94 94 94 94 94 94 94 94 94 94 94 94 94 94 94 94 94 94 94 94 94 94 94 94 94 94 94 94 94 94 94 94 94 94 94 94 94 94 94 94 94 94 94 94 94 
92 92 92 92 92 92 92 92 92 92 92 92 92 92 92 92 92 92 92 92 92 92 92 92 92 92 92 92 92 92 92 92 92 92 92 92 92 92 92 92 92 92 92 92 92 92 92 92 92 92 92 92 92 92 92 92 92 92 92 92 92 92 92 92 92 92 92 92 92 92 92 92 92 92 92 92 92 92 92 92 92 92 92 92 92 92 92 92 92 92 92 92 92 92 92 92 92 92 92 92 
88 88 88 88 88 88 88 88 88 88 88 88 88 88 88 88 88 88 88 88 88 88 88 88 88 88 88 88 88 88 88 88 88 88 88 88 88 88 88 88 88 88 88 88 88 88 88 88 88 88 88 88 88 88 88 88 88 88 88 88 88 88 88 88 88 88 88 88 88 88 88 88 88 88 88 88 88 88 88 88 88 88 88 88 88 88 88 88 88 88 88 88 88 88 88 88 88 88 88 88 
86 86 86 86 86 86 86 86 86 86 86 86 86 86 86 86 86 86 86 86 86 86 86 86 86 86 86 86 86 86 86 86 86 86 86 86 86 86 86 86 86 86 86 86 86 86 86 86 86 86 86 86 86 86 86 86 86 86 86 86 86 86 86 86 86 86 86 86 86 86 86 86 86 86 86 86 86 86 86 86 86 86 86 86 86 86 86 86 86 86 86 86 86 86 86 86 86 86 86 86 
79 79 79 79 79 79 79 79 79 79 79 79 79 79 79 79 79 79 79 79 79 79 79 79 79 79 79 79 79 79 79 79 79 79 79 79 79 79 79 79 79 79 79 79 79 79 79 79 79 79 79 79 79 79 79 79 79 79 79 79 79 79 79 79 79 79 79 79 79 79 79 79 79 79 79 79 79 79 79 79 79 79 79 79 79 79 79 79 79 79 79 79 79 79 79 79 79 79 79 79 
76 76 76 76 76 76 76 76 76 76 76 76 76 76 76 76 76 76 76 76 76 76 76 76 76 76 76 76 76 76 76 76 76 76 76 76 76 76 76 76 76 76 76 76 76 76 76 76 76 76 76 76 76 76 76 76 76 76 76 76 76 76 76 76 76 76 76 76 76 76 76 76 76 76 76 76 76 76 76 76 76 76 76 76 76 76 76 76 76 76 76 76 76 76 76 76 76 76 76 76 
74 74 74 74 74 74 74 74 74 74 74 74 74 74 74 74 74 74 74 74 74 74 74 74 74 74 74 74 74 74 74 74 74 74 74 74 74 74 74 74 74 74 74 74 74 74 74 74 74 74 74 74 74 74 74 74 74 74 74 74 74 74 74 74 74 74 74 74 74 74 74 74 74 74 74 74 74 74 74 74 74 74 74 74 74 74 74 74 74 74 74 74 74 74 74 74 74 74 74 74 
73 73 73 73 73 73 73 73 73 73 73 73 73 73 73 73 73 73 73 73 73 73 73 73 73 73 73 73 73 73 73 73 73 73 73 73 73 73 73 73 73 73 73 73 73 73 73 73 73 73 73 73 73 73 73 73 73 73 73 73 73 73 73 73 73 73 73 73 73 73 73 73 73 73 73 73 73 73 73 73 73 73 73 73 73 73 73 73 73 73 73 73 73 73 73 73 73 73 73 73 
73 73 73 73 73 73 73 73 73 73 73 73 73 73 73 73 73 73 73 73 73 73 73 73 73 73 73 73 73 73 73 73 73 73 73 73 73 73 73 73 73 73 73 73 73 73 73 73 73 73 73 73 73 73 73 73 73 73 73 73 73 73 73 73 73 73 73 73 73 73 73 73 73 73 73 73 73 73 73 73 73 73 73 73 73 73 73 73 73 73 73 73 73 73 73 73 73 73 73 73 
67 67 67 67 67 67 67 67 67 67 67 67 67 67 67 67 67 67 67 67 67 67 67 67 67 67 67 67 67 67 67 67 67 67 67 67 67 67 67 67 67 67 67 67 67 67 67 67 67 67 67 67 67 67 67 67 67 67 67 67 67 67 67 67 67 67 67 67 67 67 67 67 67 67 67 67 67 67 67 67 67 67 67 67 67 67 67 67 67 67 67 67 67 67 67 67 67 67 67 67 
66 66 66 66 66 66 66 66 66 66 66 66 66 66 66 66 66 66 66 66 66 66 66 66 66 66 66 66 66 66 66 66 66 66 66 66 66 66 66 66 66 66 66 66 66 66 66 66 66 66 66 66 66 66 66 66 66 66 66 66 66 66 66 66 66 66 66 66 66 66 66 66 66 66 66 66 66 66 66 66 66 66 66 66 66 66 66 66 66 66 66 66 66 66 66 66 66 66 66 66 
