100 100 1000 33
493 493 493 493 493 493 493 493 493 493 493 493 493 493 493 493 493 493 493 493 493 493 493 493 493 493 493 493 493 493 493 493 493 493 493 493 493 493 493 493 493 493 493 493 493 493 493 493 493 493 493 493 493 493 493 493 493 493 493 493 493 493 493 493 493 493 493 493 493 493 493 493 493 493 493 493 493 493 493 493 493 493 493 493 493 493 493 493 493 493 493 493 493 493 493 493 493 493 493 493 
489 489 489 489 489 489 489 489 489 489 489 489 489 489 489 489 489 489 489 489 489 489 489 489 489 489 489 489 489 489 489 489 489 489 489 489 489 489 489 489 489 489 489 489 489 489 489 489 489 489 489 489 489 489 489 489 489 489 489 489 489 489 489 489 489 489 489 489 489 489 489 489 489 489 489 489 489 489 489 489 489 489 489 489 489 489 489 489 489 489 489 489 489 489 489 489 489 489 489 489 
488 488 488 488 488 488 488 488 488 488 488 488 488 488 488 488 488 488 488 488 488 488 488 488 488 488 488 488 488 488 488 488 488 488 488 488 488 488 488 488 488 488 488 488 488 488 488 488 488 488 488 488 488 488 488 488 488 488 488 488 488 488 488 488 488 488 488 488 488 488 488 488 488 488 488 488 488 488 488 488 488 488 488 488 488 488 488 488 488 488 488 488 488 488 488 488 488 488 488 488 
486 486 486 486 486 486 486 486 486 486 486 486 486 486 486 486 486 486 486 486 486 486 486 486 486 486 486 486 486 486 486 486 486 486 486 486 486 486 486 486 486 486 486 486 486 486 486 486 486 486 486 486 486 486 486 486 486 486 486 486 486 486 486 486 486 486 486 486 486 486 486 486 486 486 486 486 486 486 486 486 486 486 486 486 486 486 486 486 486 486 486 486 486 486 486 486 486 486 486 486 
482 482 482 482 482 482 482 482 482 482 482 482 482 482 482 482 482 482 482 482 482 482 482 482 482 482 482 482 482 482 482 482 482 482 482 482 482 482 482 482 482 482 482 482 482 482 482 482 482 482 482 482 482 482 482 482 482 482 482 482 482 482 482 482 482 482 482 482 482 482 482 482 482 482 482 482 482 482 482 482 482 482 482 482 482 482 482 482 482 482 482 482 482 482 482 482 482 482 482 482 
480 480 480 480 480 480 480 480 480 480 480 480 480 480 480 480 480 480 480 480 480 480 480 480 480 480 480 480 480 480 480 480 480 480 480 480 480 480 480 480 480 480 480 480 480 480 480 480 480 480 480 480 480 480 480 480 480 480 480 480 480 480 480 480 480 480 480 480 480 480 480 480 480 480 480 480 480 480 480 480 480 480 480 480 480 480 480 480 480 480 480 480 480 480 480 480 480 480 480 480 
470 470 470 470 470 470 470 470 470 470 470 470 470 470 470 470 470 470 470 470 470 470 470 470 470 470 470 470 470 470 470 470 470 470 470 470 470 470 470 470 470 470 470 470 470 470 470 470 470 470 470 470 470 470 470 470 470 470 470 470 470 470 470 470 470 470 470 470 470 470 470 470 470 470 470 470 470 470 470 470 470 470 470 470 470 470 470 470 470 470 470 470 470 470 470 470 470 470 470 470 
467 467 467 467 467 467 467 467 467 467 467 467 467 467 467 467 467 467 467 467 467 467 467 467 467 467 467 467 467 467 467 467 467 467 467 467 467 467 467 467 467 467 467 467 467 467 467 467 467 467 467 467 467 467 467 467 467 467 467 467 467 467 467 467 467 467 467 467 467 467 467 467 467 467 467 467 467 467 467 467 467 467 467 467 467 467 467 467 467 467 467 467 467 467 467 467 467 467 467 467 
449 449 449 449 449 449 449 449 449 449 449 449 449 449 449 449 449 449 449 449 449 449 449 449 449 449 449 449 449 449 449 449 449 449 449 449 449 449 449 449 449 449 449 449 449 449 449 449 449 449 449 449 449 449 449 449 449 449 449 449 449 449 449 449 449 449 449 449 449 449 449 449 449 449 449 449 449 449 449 449 449 449 449 449 449 449 449 449 449 449 449 449 449 449 449 449 449 449 449 449 
444 444 444 444 444 444 444 444 444 444 444 444 444 444 444 444 444 444 444 444 444 444 444 444 444 444 444 444 444 444 444 444 444 444 444 444 444 444 444 444 444 444 444 444 444 444 444 444 444 444 444 444 444 444 444 444 444 444 444 444 444 444 444 444 444 444 444 444 444 444 444 444 444 444 444 444 444 444 444 444 444 444 444 444 444 444 444 444 444 444 444 444 444 444 444 444 444 444 444 444 
443 443 443 443 443 443 443 443 443 443 443 443 443 443 443 443 443 443 443 443 443 443 443 443 443 443 443 443 443 443 443 443 443 443 443 443 443 443 443 443 443 443 443 443 443 443 443 443 443 443 443 443 443 443 443 443 443 443 443 443 443 443 443 443 443 443 443 443 443 443 443 443 443 443 443 443 443 443 443 443 443 443 443 443 443 443 443 443 443 443 443 443 443 443 443 443 443 443 443 443 
432 432 432 432 432 432 432 432 432 432 432 432 432 432 432 432 432 432 432 432 432 432 432 432 432 432 432 432 432 432 432 432 432 432 432 432 432 432 432 432 432 432 432 432 432 432 432 432 432 432 432 432 432 432 432 432 432 432 432 432 432 432 432 432 432 432 432 432 432 432 432 432 432 432 432 432 432 432 432 432 432 432 432 432 432 432 432 432 432 432 432 432 432 432 432 432 432 432 432 432 
430 430 430 430 430 430 430 430 430 430 430 430 430 430 430 430 430 430 430 430 430 430 430 430 430 430 430 430 430 430 430 430 430 430 430 430 430 430 430 430 430 430 430 430 430 430 430 430 430 430 430 430 430 430 430 430 430 430 430 430 430 430 430 430 430 430 430 430 430 430 430 430 430 430 430 430 430 430 430 430 430 430 430 430 430 430 430 430 430 430 430 430 430 430 430 430 430 430 430 430 
425 425 425 425 425 425 425 425 425 425 425 425 425 425 425 425 425 425 425 425 425 425 425 425 425 425 425 425 425 425 425 425 425 425 425 425 425 425 425 425 425 425 425 425 425 425 425 425 425 425 425 425 425 425 425 425 425 425 425 425 425 425 425 425 425 425 425 425 425 425 425 425 425 425 425 425 425 425 425 425 425 425 425 425 425 425 425 425 425 425 425 425 425 425 425 425 425 425 425 425 
423 423 423 423 423 423 423 423 423 423 423 423 423 423 423 423 423 423 423 423 423 423 423 423 423 423 423 423 423 423 423 423 423 423 423 423 423 423 423 423 423 423 423 423 423 423 423 423 423 423 423 423 423 423 423 423 423 423 423 423 423 423 423 423 423 423 423 423 423 423 423 423 423 423 423 423 423 423 423 423 423 423 423 423 423 423 423 423 423 423 423 423 423 423 423 423 423 423 423 423 
415 415 415 415 415 415 415 415 415 415 415 415 415 415 415 415 415 415 415 415 415 415 415 415 415 415 415 415 415 415 415 415 415 415 415 415 415 415 415 415 415 415 415 415 415 415 415 415 415 415 415 415 415 415 415 415 415 415 415 415 415 415 415 415 415 415 415 415 415 415 415 415 415 415 415 415 415 415 415 415 415 415 415 415 415 415 415 415 415 415 415 415 415 415 415 415 415 415 415 415 
414 414 414 414 414 414 414 414 414 414 414 414 414 414 414 414 414 414 414 414 414 414 414 414 414 414 414 414 414 414 414 414 414 414 414 414 414 414 414 414 414 414 414 414 414 414 414 414 414 414 414 414 414 414 414 414 414 414 414 414 414 414 414 414 414 414 414 414 414 414 414 414 414 414 414 414 414 414 414 414 414 414 414 414 414 414 414 414 414 414 414 414 414 414 414 414 414 414 414 414 
411 411 411 411 411 411 411 411 411 411 411 411 411 411 411 411 411 411 411 411 411 411 411 411 411 411 411 411 411 411 411 411 411 411 411 411 411 411 411 411 411 411 411 411 411 411 411 411 411 411 411 411 411 411 411 411 411 411 411 411 411 411 411 411 411 411 411 411 411 411 411 411 411 411 411 411 411 411 411 411 411 411 411 411 411 411 411 411 411 411 411 411 411 411 411 411 411 411 411 411 
410 410 410 410 410 410 410 410 410 410 410 410 410 410 410 410 410 410 410 410 410 410 410 410 410 410 410 410 410 410 410 410 410 410 410 410 410 410 410 410 410 410 410 410 410 410 410 410 410 410 410 410 410 410 410 410 410 410 410 410 410 410 410 410 410 410 410 410 410 410 410 410 410 410 410 410 410 410 410 410 410 410 410 410 410 410 410 410 410 410 410 410 410 410 410 410 410 410 410 410 
407 407 407 407 407 407 407 407 407 407 407 407 407 407 407 407 407 407 407 407 407 407 407 407 407 407 407 407 407 407 407 407 407 407 407 407 407 407 407 407 407 407 407 407 407 407 407 407 407 407 407 407 407 407 407 407 407 407 407 407 407 407 407 407 407 407 407 407 407 407 407 407 407 407 407 407 407 407 407 407 407 407 407 407 407 407 407 407 407 407 407 407 407 407 407 407 407 407 407 407 
404 404 404 404 404 404 404 404 404 404 404 404 404 404 404 404 404 404 404 404 404 404 404 404 404 404 404 404 404 404 404 404 404 404 404 404 404 404 404 404 404 404 404 404 404 404 404 404 404 404 404 404 404 404 404 404 404 404 404 404 404 404 404 404 404 404 404 404 404 404 404 404 404 404 404 404 404 404 404 404 404 404 404 404 404 404 404 404 404 404 404 404 404 404 404 404 404 404 404 404 
401 401 401 401 401 401 401 401 401 401 401 401 401 401 401 401 401 401 401 401 401 401 401 401 401 401 401 401 401 401 401 401 401 401 401 401 401 401 401 401 401 401 401 401 401 401 401 401 401 401 401 401 401 401 401 401 401 401 401 401 401 401 401 401 401 401 401 401 401 401 401 401 401 401 401 401 401 401 401 401 401 401 401 401 401 401 401 401 401 401 401 401 401 401 401 401 401 401 401 401 
398 398 398 398 398 398 398 398 398 398 398 398 398 398 398 398 398 398 398 398 398 398 398 398 398 398 398 398 398 398 398 398 398 398 398 398 398 398 398 398 398 398 398 398 398 398 398 398 398 398 398 398 398 398 398 398 398 398 398 398 398 398 398 398 398 398 398 398 398 398 398 398 398 398 398 398 398 398 398 398 398 398 398 398 398 398 398 398 398 398 398 398 398 398 398 398 398 398 398 398 
398 398 398 398 398 398 398 398 398 398 398 398 398 398 398 398 398 398 398 398 398 398 398 398 398 398 398 398 398 398 398 398 398 398 398 398 398 398 398 398 398 398 398 398 398 398 398 398 398 398 398 398 398 398 398 398 398 398 398 398 398 398 398 398 398 398 398 398 398 398 398 398 398 398 398 398 398 398 398 398 398 398 398 398 398 398 398 398 398 398 398 398 398 398 398 398 398 398 398 398 
392 392 392 392 392 392 392 392 392 392 392 392 392 392 392 392 392 392 392 392 392 392 392 392 392 392 392 392 392 392 392 392 392 392 392 392 392 392 392 392 392 392 392 392 392 392 392 392 392 392 392 392 392 392 392 392 392 392 392 392 392 392 392 392 392 392 392 392 392 392 392 392 392 392 392 392 392 392 392 392 392 392 392 392 392 392 392 392 392 392 392 392 392 392 392 392 392 392 392 392 
389 389 389 389 389 389 389 389 389 389 389 389 389 389 389 389 389 389 389 389 389 389 389 389 389 389 389 389 389 389 389 389 389 389 389 389 389 389 389 389 389 389 389 389 389 389 389 389 389 389 389 389 389 389 389 389 389 389 389 389 389 389 389 389 389 389 389 389 389 389 389 389 389 389 389 389 389 389 389 389 389 389 389 389 389 389 389 389 389 389 389 389 389 389 389 389 389 389 389 389 
384 384 384 384 384 384 384 384 384 384 384 384 384 384 384 384 384 384 384 384 384 384 384 384 384 384 384 384 384 384 384 384 384 384 384 384 384 384 384 384 384 384 384 384 384 384 384 384 384 384 384 384 384 384 384 384 384 384 384 384 384 384 384 384 384 384 384 384 384 384 384 384 384 384 384 384 384 384 384 384 384 384 384 384 384 384 384 384 384 384 384 384 384 384 384 384 384 384 384 384 
378 378 378 378 378 378 378 378 378 378 378 378 378 378 378 378 378 378 378 378 378 378 378 378 378 378 378 378 378 378 378 378 378 378 378 378 378 378 378 378 378 378 378 378 378 378 378 378 378 378 378 378 378 378 378 378 378 378 378 378 378 378 378 378 378 378 378 378 378 378 378 378 378 378 378 378 378 378 378 378 378 378 378 378 378 378 378 378 378 378 378 378 378 378 378 378 378 378 378 378 
377 377 377 377 377 377 377 377 377 377 377 377 377 377 377 377 377 377 377 377 377 377 377 377 377 377 377 377 377 377 377 377 377 377 377 377 377 377 377 377 377 377 377 377 377 377 377 377 377 377 377 377 377 377 377 377 377 377 377 377 377 377 377 377 377 377 377 377 377 377 377 377 377 377 377 377 377 377 377 377 377 377 377 377 377 377 377 377 377 377 377 377 377 377 377 377 377 377 377 377 
376 376 376 376 376 376 376 376 376 376 376 376 376 376 376 376 376 376 376 376 376 376 376 376 376 376 376 376 376 376 376 376 376 376 376 376 376 376 376 376 376 376 376 376 376 376 376 376 376 376 376 376 376 376 376 376 376 376 376 376 376 376 376 376 376 376 376 376 376 376 376 376 376 376 376 376 376 376 376 376 376 376 376 376 376 376 376 376 376 376 376 376 376 376 376 376 376 376 376 376 
374 374 374 374 374 374 374 374 374 374 374 374 374 374 374 374 374 374 374 374 374 374 374 374 374 374 374 374 374 374 374 374 374 374 374 374 374 374 374 374 374 374 374 374 374 374 374 374 374 374 374 374 374 374 374 374 374 374 374 374 374 374 374 374 374 374 374 374 374 374 374 374 374 374 374 374 374 374 374 374 374 374 374 374 374 374 374 374 374 374 374 374 374 374 374 374 374 374 374 374 
374 374 374 374 374 374 374 374 374 374 374 374 374 374 374 374 374 374 374 374 374 374 374 374 374 374 374 374 374 374 374 374 374 374 374 374 374 374 374 374 374 374 374 374 374 374 374 374 374 374 374 374 374 374 374 374 374 374 374 374 374 374 374 374 374 374 374 374 374 374 374 374 374 374 374 374 374 374 374 374 374 374 374 374 374 374 374 374 374 374 374 374 374 374 374 374 374 374 374 374 
373 373 373 373 373 373 373 373 373 373 373 373 373 373 373 373 373 373 373 373 373 373 373 373 373 373 373 373 373 373 373 373 373 373 373 373 373 373 373 373 373 373 373 373 373 373 373 373 373 373 373 373 373 373 373 373 373 373 373 373 373 373 373 373 373 373 373 373 373 373 373 373 373 373 373 373 373 373 373 373 373 373 373 373 373 373 373 373 373 373 373 373 373 373 373 373 373 373 373 373 
370 370 370 370 370 370 370 370 370 370 370 370 370 370 370 370 370 370 370 370 370 370 370 370 370 370 370 370 370 370 370 370 370 370 370 370 370 370 370 370 370 370 370 370 370 370 370 370 370 370 370 370 370 370 370 370 370 370 370 370 370 370 370 370 370 370 370 370 370 370 370 370 370 370 370 370 370 370 370 370 370 370 370 370 370 370 370 370 370 370 370 370 370 370 370 370 370 370 370 370 
369 369 369 369 369 369 369 369 369 369 369 369 369 369 369 369 369 369 369 369 369 369 369 369 369 369 369 369 369 369 369 369 369 369 369 369 369 369 369 369 369 369 369 369 369 369 369 369 369 369 369 369 369 369 369 369 369 369 369 369 369 369 369 369 369 369 369 369 369 369 369 369 369 369 369 369 369 369 369 369 369 369 369 369 369 369 369 369 369 369 369 369 369 369 369 369 369 369 369 369 
368 368 368 368 368 368 368 368 368 368 368 368 368 368 368 368 368 368 368 368 368 368 368 368 368 368 368 368 368 368 368 368 368 368 368 368 368 368 368 368 368 368 368 368 368 368 368 368 368 368 368 368 368 368 368 368 368 368 368 368 368 368 368 368 368 368 368 368 368 368 368 368 368 368 368 368 368 368 368 368 368 368 368 368 368 368 368 368 368 368 368 368 368 368 368 368 368 368 368 368 
366 366 366 366 366 366 366 366 366 366 366 366 366 366 366 366 366 366 366 366 366 366 366 366 366 366 366 366 366 366 366 366 366 366 366 366 366 366 366 366 366 366 366 366 366 366 366 366 366 366 366 366 366 366 366 366 366 366 366 366 366 366 366 366 366 366 366 366 366 366 366 366 366 366 366 366 366 366 366 366 366 366 366 366 366 366 366 366 366 366 366 366 366 366 366 366 366 366 366 366 
366 366 366 366 366 366 366 366 366 366 366 366 366 366 366 366 366 366 366 366 366 366 366 366 366 366 366 366 366 366 366 366 366 366 366 366 366 366 366 366 366 366 366 366 366 366 366 366 366 366 366 366 366 366 366 366 366 366 366 366 366 366 366 366 366 366 366 366 366 366 366 366 366 366 366 366 366 366 366 366 366 366 366 366 366 366 366 366 366 366 366 366 366 366 366 366 366 366 366 366 
361 361 361 361 361 361 361 361 361 361 361 361 361 361 361 361 361 361 361 361 361 361 361 361 361 361 361 361 361 361 361 361 361 361 361 361 361 361 361 361 361 361 361 361 361 361 361 361 361 361 361 361 361 361 361 361 361 361 361 361 361 361 361 361 361 361 361 361 361 361 361 361 361 361 361 361 361 361 361 361 361 361 361 361 361 361 361 361 361 361 361 361 361 361 361 361 361 361 361 361 
354 354 354 354 354 354 354 354 354 354 354 354 354 354 354 354 354 354 354 354 354 354 354 354 354 354 354 354 354 354 354 354 354 354 354 354 354 354 354 354 354 354 354 354 354 354 354 354 354 354 354 354 354 354 354 354 354 354 354 354 354 354 354 354 354 354 354 354 354 354 354 354 354 354 354 354 354 354 354 354 354 354 354 354 354 354 354 354 354 354 354 354 354 354 354 354 354 354 354 354 
346 346 346 346 346 346 346 346 346 346 346 346 346 346 346 346 346 346 346 346 346 346 346 346 346 346 346 346 346 346 346 346 346 346 346 346 346 346 346 346 346 346 346 346 346 346 346 346 346 346 346 346 346 346 346 346 346 346 346 346 346 346 346 346 346 346 346 346 346 346 346 346 346 346 346 346 346 346 346 346 346 346 346 346 346 346 346 346 346 346 346 346 346 346 346 346 346 346 346 346 
342 342 342 342 342 342 342 342 342 342 342 342 342 342 342 342 342 342 342 342 342 342 342 342 342 342 342 342 342 342 342 342 342 342 342 342 342 342 342 342 342 342 342 342 342 342 342 342 342 342 342 342 342 342 342 342 342 342 342 342 342 342 342 342 342 342 342 342 342 342 342 342 342 342 342 342 342 342 342 342 342 342 342 342 342 342 342 342 342 342 342 342 342 342 342 342 342 342 342 342 
341 341 341 341 341 341 341 341 341 341 341 341 341 341 341 341 341 341 341 341 341 341 341 341 341 341 341 341 341 341 341 341 341 341 341 341 341 341 341 341 341 341 341 341 341 341 341 341 341 341 341 341 341 341 341 341 341 341 341 341 341 341 341 341 341 341 341 341 341 341 341 341 341 341 341 341 341 341 341 341 341 341 341 341 341 341 341 341 341 341 341 341 341 341 341 341 341 341 341 341 
338 338 338 338 338 338 338 338 338 338 338 338 338 338 338 338 338 338 338 338 338 338 338 338 338 338 338 338 338 338 338 338 338 338 338 338 338 338 338 338 338 338 338 338 338 338 338 338 338 338 338 338 338 338 338 338 338 338 338 338 338 338 338 338 338 338 338 338 338 338 338 338 338 338 338 338 338 338 338 338 338 338 338 338 338 338 338 338 338 338 338 338 338 338 338 338 338 338 338 338 
332 332 332 332 332 332 332 332 332 332 332 332 332 332 332 332 332 332 332 332 332 332 332 332 332 332 332 332 332 332 332 332 332 332 332 332 332 332 332 332 332 332 332 332 332 332 332 332 332 332 332 332 332 332 332 332 332 332 332 332 332 332 332 332 332 332 332 332 332 332 332 332 332 332 332 332 332 332 332 332 332 332 332 332 332 332 332 332 332 332 332 332 332 332 332 332 332 332 332 332 
328 328 328 328 328 328 328 328 328 328 328 328 328 328 328 328 328 328 328 328 328 328 328 328 328 328 328 328 328 328 328 328 328 328 328 328 328 328 328 328 328 328 328 328 328 328 328 328 328 328 328 328 328 328 328 328 328 328 328 328 328 328 328 328 328 328 328 328 328 328 328 328 328 328 328 328 328 328 328 328 328 328 328 328 328 328 328 328 328 328 328 328 328 328 328 328 328 328 328 328 
328 328 328 328 328 328 328 328 328 328 328 328 328 328 328 328 328 328 328 328 328 328 328 328 328 328 328 328 328 328 328 328 328 328 328 328 328 328 328 328 328 328 328 328 328 328 328 328 328 328 328 328 328 328 328 328 328 328 328 328 328 328 328 328 328 328 328 328 328 328 328 328 328 328 328 328 328 328 328 328 328 328 328 328 328 328 328 328 328 328 328 328 328 328 328 328 328 328 328 328 
327 327 327 327 327 327 327 327 327 327 327 327 327 327 327 327 327 327 327 327 327 327 327 327 327 327 327 327 327 327 327 327 327 327 327 327 327 327 327 327 327 327 327 327 327 327 327 327 327 327 327 327 327 327 327 327 327 327 327 327 327 327 327 327 327 327 327 327 327 327 327 327 327 327 327 327 327 327 327 327 327 327 327 327 327 327 327 327 327 327 327 327 327 327 327 327 327 327 327 327 
318 318 318 318 318 318 318 318 318 318 318 318 318 318 318 318 318 318 318 318 318 318 318 318 318 318 318 318 318 318 318 318 318 318 318 318 318 318 318 318 318 318 318 318 318 318 318 318 318 318 318 318 318 318 318 318 318 318 318 318 318 318 318 318 318 318 318 318 318 318 318 318 318 318 318 318 318 318 318 318 318 318 318 318 318 318 318 318 318 318 318 318 318 318 318 318 318 318 318 318 
317 317 317 317 317 317 317 317 317 317 317 317 317 317 317 317 317 317 317 317 317 317 317 317 317 317 317 317 317 317 317 317 317 317 317 317 317 317 317 317 317 317 317 317 317 317 317 317 317 317 317 317 317 317 317 317 317 317 317 317 317 317 317 317 317 317 317 317 317 317 317 317 317 317 317 317 317 317 317 317 317 317 317 317 317 317 317 317 317 317 317 317 317 317 317 317 317 317 317 317 
315 315 315 315 315 315 315 315 315 315 315 315 315 315 315 315 315 315 315 315 315 315 315 315 315 315 315 315 315 315 315 315 315 315 315 315 315 315 315 315 315 315 315 315 315 315 315 315 315 315 315 315 315 315 315 315 315 315 315 315 315 315 315 315 315 315 315 315 315 315 315 315 315 315 315 315 315 315 315 315 315 315 315 315 315 315 315 315 315 315 315 315 315 315 315 315 315 315 315 315 
311 311 311 311 311 311 311 311 311 311 311 311 311 311 311 311 311 311 311 311 311 311 311 311 311 311 311 311 311 311 311 311 311 311 311 311 311 311 311 311 311 311 311 311 311 311 311 311 311 311 311 311 311 311 311 311 311 311 311 311 311 311 311 311 311 311 311 311 311 311 311 311 311 311 311 311 311 311 311 311 311 311 311 311 311 311 311 311 311 311 311 311 311 311 311 311 311 311 311 311 
311 311 311 311 311 311 311 311 311 311 311 311 311 311 311 311 311 311 311 311 311 311 311 311 311 311 311 311 311 311 311 311 311 311 311 311 311 311 311 311 311 311 311 311 311 311 311 311 311 311 311 311 311 311 311 311 311 311 311 311 311 311 311 311 311 311 311 311 311 311 311 311 311 311 311 311 311 311 311 311 311 311 311 311 311 311 311 311 311 311 311 311 311 311 311 311 311 311 311 311 
310 310 310 310 310 310 310 310 310 310 310 310 310 310 310 310 310 310 310 310 310 310 310 310 310 310 310 310 310 310 310 310 310 310 310 310 310 310 310 310 310 310 310 310 310 310 310 310 310 310 310 310 310 310 310 310 310 310 310 310 310 310 310 310 310 310 310 310 310 310 310 310 310 310 310 310 310 310 310 310 310 310 310 310 310 310 310 310 310 310 310 310 310 310 310 310 310 310 310 310 
305 305 305 305 305 305 305 305 305 305 305 305 305 305 305 305 305 305 305 305 305 305 305 305 305 305 305 305 305 305 305 305 305 305 305 305 305 305 305 305 305 305 305 305 305 305 305 305 305 305 305 305 305 305 305 305 305 305 305 305 305 305 305 305 305 305 305 305 305 305 305 305 305 305 305 305 305 305 305 305 305 305 305 305 305 305 305 305 305 305 305 305 305 305 305 305 305 305 305 305 
302 302 302 302 302 302 302 302 302 302 302 302 302 302 302 302 302 302 302 302 302 302 302 302 302 302 302 302 302 302 302 302 302 302 302 302 302 302 302 302 302 302 302 302 302 302 302 302 302 302 302 302 302 302 302 302 302 302 302 302 302 302 302 302 302 302 302 302 302 302 302 302 302 302 302 302 302 302 302 302 302 302 302 302 302 302 302 302 302 302 302 302 302 302 302 302 302 302 302 302 
302 302 302 302 302 302 302 302 302 302 302 302 302 302 302 302 302 302 302 302 302 302 302 302 302 302 302 302 302 302 302 302 302 302 302 302 302 302 302 302 302 302 302 302 302 302 302 302 302 302 302 302 302 302 302 302 302 302 302 302 302 302 302 302 302 302 302 302 302 302 302 302 302 302 302 302 302 302 302 302 302 302 302 302 302 302 302 302 302 302 302 302 302 302 302 302 302 302 302 302 
299 299 299 299 299 299 299 299 299 299 299 299 299 299 299 299 299 299 299 299 299 299 299 299 299 299 299 299 299 299 299 299 299 299 299 299 299 299 299 299 299 299 299 299 299 299 299 299 299 299 299 299 299 299 299 299 299 299 299 299 299 299 299 299 299 299 299 299 299 299 299 299 299 299 299 299 299 299 299 299 299 299 299 299 299 299 299 299 299 299 299 299 299 299 299 299 299 299 299 299 
298 298 298 298 298 298 298 298 298 298 298 298 298 298 298 298 298 298 298 298 298 298 298 298 298 298 298 298 298 298 298 298 298 298 298 298 298 298 298 298 298 298 298 298 298 298 298 298 298 298 298 298 298 298 298 298 298 298 298 298 298 298 298 298 298 298 298 298 298 298 298 298 298 298 298 298 298 298 298 298 298 298 298 298 298 298 298 298 298 298 298 298 298 298 298 298 298 298 298 298 
294 294 294 294 294 294 294 294 294 294 294 294 294 294 294 294 294 294 294 294 294 294 294 294 294 294 294 294 294 294 294 294 294 294 294 294 294 294 294 294 294 294 294 294 294 294 294 294 294 294 294 294 294 294 294 294 294 294 294 294 294 294 294 294 294 294 294 294 294 294 294 294 294 294 294 294 294 294 294 294 294 294 294 294 294 294 294 294 294 294 294 294 294 294 294 294 294 294 294 294 
290 290 290 290 290 290 290 290 290 290 290 290 290 290 290 290 290 290 290 290 290 290 290 290 290 290 290 290 290 290 290 290 290 290 290 290 290 290 290 290 290 290 290 290 290 290 290 290 290 290 290 290 290 290 290 290 290 290 290 290 290 290 290 290 290 290 290 290 290 290 290 290 290 290 290 290 290 290 290 290 290 290 290 290 290 290 290 290 290 290 290 290 290 290 290 290 290 290 290 290 
285 285 285 285 285 285 285 285 285 285 285 285 285 285 285 285 285 285 285 285 285 285 285 285 285 285 285 285 285 285 285 285 285 285 285 285 285 285 285 285 285 285 285 285 285 285 285 285 285 285 285 285 285 285 285 285 285 285 285 285 285 285 285 285 285 285 285 285 285 285 285 285 285 285 285 285 285 285 285 285 285 285 285 285 285 285 285 285 285 285 285 285 285 285 285 285 285 285 285 285 
282 282 282 282 282 282 282 282 282 282 282 282 282 282 282 282 282 282 282 282 282 282 282 282 282 282 282 282 282 282 282 282 282 282 282 282 282 282 282 282 282 282 282 282 282 282 282 282 282 282 282 282 282 282 282 282 282 282 282 282 282 282 282 282 282 282 282 282 282 282 282 282 282 282 282 282 282 282 282 282 282 282 282 282 282 282 282 282 282 282 282 282 282 282 282 282 282 282 282 282 
277 277 277 277 277 277 277 277 277 277 277 277 277 277 277 277 277 277 277 277 277 277 277 277 277 277 277 277 277 277 277 277 277 277 277 277 277 277 277 277 277 277 277 277 277 277 277 277 277 277 277 277 277 277 277 277 277 277 277 277 277 277 277 277 277 277 277 277 277 277 277 277 277 277 277 277 277 277 277 277 277 277 277 277 277 277 277 277 277 277 277 277 277 277 277 277 277 277 277 277 
274 274 274 274 274 274 274 274 274 274 274 274 274 274 274 274 274 274 274 274 274 274 274 274 274 274 274 274 274 274 274 274 274 274 274 274 274 274 274 274 274 274 274 274 274 274 274 274 274 274 274 274 274 274 274 274 274 274 274 274 274 274 274 274 274 274 274 274 274 274 274 274 274 274 274 274 274 274 274 274 274 274 274 274 274 274 274 274 274 274 274 274 274 274 274 274 274 274 274 274 
272 272 272 272 272 272 272 272 272 272 272 272 272 272 272 272 272 272 272 272 272 272 272 272 272 272 272 272 272 272 272 272 272 272 272 272 272 272 272 272 272 272 272 272 272 272 272 272 272 272 272 272 272 272 272 272 272 272 272 272 272 272 272 272 272 272 272 272 272 272 272 272 272 272 272 272 272 272 272 272 272 272 272 272 272 272 272 272 272 272 272 272 272 272 272 272 272 272 272 272 
269 269 269 269 269 269 269 269 269 269 269 269 269 269 269 269 269 269 269 269 269 269 269 269 269 269 269 269 269 269 269 269 269 269 269 269 269 269 269 269 269 269 269 269 269 269 269 269 269 269 269 269 269 269 269 269 269 269 269 269 269 269 269 269 269 269 269 269 269 269 269 269 269 269 269 269 269 269 269 269 269 269 269 269 269 269 269 269 269 269 269 269 269 269 269 269 269 269 269 269 
268 268 268 268 268 268 268 268 268 268 268 268 268 268 268 268 268 268 268 268 268 268 268 268 268 268 268 268 268 268 268 268 268 268 268 268 268 268 268 268 268 268 268 268 268 268 268 268 268 268 268 268 268 268 268 268 268 268 268 268 268 268 268 268 268 268 268 268 268 268 268 268 268 268 268 268 268 268 268 268 268 268 268 268 268 268 268 268 268 268 268 268 268 268 268 268 268 268 268 268 
260 260 260 260 260 260 260 260 260 260 260 260 260 260 260 260 260 260 260 260 260 260 260 260 260 260 260 260 260 260 260 260 260 260 260 260 260 260 260 260 260 260 260 260 260 260 260 260 260 260 260 260 260 260 260 260 260 260 260 260 260 260 260 260 260 260 260 260 260 260 260 260 260 260 260 260 260 260 260 260 260 260 260 260 260 260 260 260 260 260 260 260 260 260 260 260 260 260 260 260 
257 257 257 257 257 257 257 257 257 257 257 257 257 257 257 257 257 257 257 257 257 257 257 257 257 257 257 257 257 257 257 257 257 257 257 257 257 257 257 257 257 257 257 257 257 257 257 257 257 257 257 257 257 257 257 257 257 257 257 257 257 257 257 257 257 257 257 257 257 257 257 257 257 257 257 257 257 257 257 257 257 257 257 257 257 257 257 257 257 257 257 257 257 257 257 257 257 257 257 257 
256 256 256 256 256 256 256 256 256 256 256 256 256 256 256 256 256 256 256 256 256 256 256 256 256 256 256 256 256 256 256 256 256 256 256 256 256 256 256 256 256 256 256 256 256 256 256 256 256 256 256 256 256 256 256 256 256 256 256 256 256 256 256 256 256 256 256 256 256 256 256 256 256 256 256 256 256 256 256 256 256 256 256 256 256 256 256 256 256 256 256 256 256 256 256 256 256 256 256 256 
254 254 254 254 254 254 254 254 254 254 254 254 254 254 254 254 254 254 254 254 254 254 254 254 254 254 254 254 254 254 254 254 254 254 254 254 254 254 254 254 254 254 254 254 254 254 254 254 254 254 254 254 254 254 254 254 254 254 254 254 254 254 254 254 254 254 254 254 254 254 254 254 254 254 254 254 254 254 254 254 254 254 254 254 254 254 254 254 254 254 254 254 254 254 254 254 254 254 254 254 
253 253 253 253 253 253 253 253 253 253 253 253 253 253 253 253 253 253 253 253 253 253 253 253 253 253 253 253 253 253 253 253 253 253 253 253 253 253 253 253 253 253 253 253 253 253 253 253 253 253 253 253 253 253 253 253 253 253 253 253 253 253 253 253 253 253 253 253 253 253 253 253 253 253 253 253 253 253 253 253 253 253 253 253 253 253 253 253 253 253 253 253 253 253 253 253 253 253 253 253 
252 252 252 252 252 252 252 252 252 252 252 252 252 252 252 252 252 252 252 252 252 252 252 252 252 252 252 252 252 252 252 252 252 252 252 252 252 252 252 252 252 252 252 252 252 252 252 252 252 252 252 252 252 252 252 252 252 252 252 252 252 252 252 252 252 252 252 252 252 252 252 252 252 252 252 252 252 252 252 252 252 252 252 252 252 252 252 252 252 252 252 252 252 252 252 252 252 252 252 252 
252 252 252 252 252 252 252 252 252 252 252 252 252 252 252 252 252 252 252 252 252 252 252 252 252 252 252 252 252 252 252 252 252 252 252 252 252 252 252 252 252 252 252 252 252 252 252 252 252 252 252 252 252 252 252 252 252 252 252 252 252 252 252 252 252 252 252 252 252 252 252 252 252 252 252 252 252 252 252 252 252 252 252 252 252 252 252 252 252 252 252 252 252 252 252 252 252 252 252 252 
251 251 251 251 251 251 251 251 251 251 251 251 251 251 251 251 251 251 251 251 251 251 251 251 251 251 251 251 251 251 251 251 251 251 251 251 251 251 251 251 251 251 251 251 251 251 251 251 251 251 251 251 251 251 251 251 251 251 251 251 251 251 251 251 251 251 251 251 251 251 251 251 251 251 251 251 251 251 251 251 251 251 251 251 251 251 251 251 251 251 251 251 251 251 251 251 251 251 251 251 
241 241 241 241 241 241 241 241 241 241 241 241 241 241 241 241 241 241 241 241 241 241 241 241 241 241 241 241 241 241 241 241 241 241 241 241 241 241 241 241 241 241 241 241 241 241 241 241 241 241 241 241 241 241 241 241 241 241 241 241 241 241 241 241 241 241 241 241 241 241 241 241 241 241 241 241 241 241 241 241 241 241 241 241 241 241 241 241 241 241 241 241 241 241 241 241 241 241 241 241 
236 236 236 236 236 236 236 236 236 236 236 236 236 236 236 236 236 236 236 236 236 236 236 236 236 236 236 236 236 236 236 236 236 236 236 236 236 236 236 236 236 236 236 236 236 236 236 236 236 236 236 236 236 236 236 236 236 236 236 236 236 236 236 236 236 236 236 236 236 236 236 236 236 236 236 236 236 236 236 236 236 236 236 236 236 236 236 236 236 236 236 236 236 236 236 236 236 236 236 236 
234 234 234 234 234 234 234 234 234 234 234 234 234 234 234 234 234 234 234 234 234 234 234 234 234 234 234 234 234 234 234 234 234 234 234 234 234 234 234 234 234 234 234 234 234 234 234 234 234 234 234 234 234 234 234 234 234 234 234 234 234 234 234 234 234 234 234 234 234 234 234 234 234 234 234 234 234 234 234 234 234 234 234 234 234 234 234 234 234 234 234 234 234 234 234 234 234 234 234 234 
231 231 231 231 231 231 231 231 231 231 231 231 231 231 231 231 231 231 231 231 231 231 231 231 231 231 231 231 231 231 231 231 231 231 231 231 231 231 231 231 231 231 231 231 231 231 231 231 231 231 231 231 231 231 231 231 231 231 231 231 231 231 231 231 231 231 231 231 231 231 231 231 231 231 231 231 231 231 231 231 231 231 231 231 231 231 231 231 231 231 231 231 231 231 231 231 231 231 231 231 
224 224 224 224 224 224 224 224 224 224 224 224 224 224 224 224 224 224 224 224 224 224 224 224 224 224 224 224 224 224 224 224 224 224 224 224 224 224 224 224 224 224 224 224 224 224 224 224 224 224 224 224 224 224 224 224 224 224 224 224 224 224 224 224 224 224 224 224 224 224 224 224 224 224 224 224 224 224 224 224 224 224 224 224 224 224 224 224 224 224 224 224 224 224 224 224 224 224 224 224 
223 223 223 223 223 223 223 223 223 223 223 223 223 223 223 223 223 223 223 223 223 223 223 223 223 223 223 223 223 223 223 223 223 223 223 223 223 223 223 223 223 223 223 223 223 223 223 223 223 223 223 223 223 223 223 223 223 223 223 223 223 223 223 223 223 223 223 223 223 223 223 223 223 223 223 223 223 223 223 223 223 223 223 223 223 223 223 223 223 223 223 223 223 223 223 223 223 223 223 223 
222 222 222 222 222 222 222 222 222 222 222 222 222 222 222 222 222 222 222 222 222 222 222 222 222 222 222 222 222 222 222 222 222 222 222 222 222 222 222 222 222 222 222 222 222 222 222 222 222 222 222 222 222 222 222 222 222 222 222 222 222 222 222 222 222 222 222 222 222 222 222 222 222 222 222 222 222 222 222 222 222 222 222 222 222 222 222 222 222 222 222 222 222 222 222 222 222 222 222 222 
221 221 221 221 221 221 221 221 221 221 221 221 221 221 221 221 221 221 221 221 221 221 221 221 221 221 221 221 221 221 221 221 221 221 221 221 221 221 221 221 221 221 221 221 221 221 221 221 221 221 221 221 221 221 221 221 221 221 221 221 221 221 221 221 221 221 221 221 221 221 221 221 221 221 221 221 221 221 221 221 221 221 221 221 221 221 221 221 221 221 221 221 221 221 221 221 221 221 221 221 
220 220 220 220 220 220 220 220 220 220 220 220 220 220 220 220 220 220 220 220 220 220 220 220 220 220 220 220 220 220 220 220 220 220 220 220 220 220 220 220 220 220 220 220 220 220 220 220 220 220 220 220 220 220 220 220 220 220 220 220 220 220 220 220 220 220 220 220 220 220 220 220 220 220 220 220 220 220 220 220 220 220 220 220 220 220 220 220 220 220 220 220 220 220 220 220 220 220 220 220 
219 219 219 219 219 219 219 219 219 219 219 219 219 219 219 219 219 219 219 219 219 219 219 219 219 219 219 219 219 219 219 219 219 219 219 219 219 219 219 219 219 219 219 219 219 219 219 219 219 219 219 219 219 219 219 219 219 219 219 219 219 219 219 219 219 219 219 219 219 219 219 219 219 219 219 219 219 219 219 219 219 219 219 219 219 219 219 219 219 219 219 219 219 219 219 219 219 219 219 219 
216 216 216 216 216 216 216 216 216 216 216 216 216 216 216 216 216 216 216 216 216 216 216 216 216 216 216 216 216 216 216 216 216 216 216 216 216 216 216 216 216 216 216 216 216 216 216 216 216 216 216 216 216 216 216 216 216 216 216 216 216 216 216 216 216 216 216 216 216 216 216 216 216 216 216 216 216 216 216 216 216 216 216 216 216 216 216 216 216 216 216 216 216 216 216 216 216 216 216 216 
216 216 216 216 216 216 216 216 216 216 216 216 216 216 216 216 216 216 216 216 216 216 216 216 216 216 216 216 216 216 216 216 216 216 216 216 216 216 216 216 216 216 216 216 216 216 216 216 216 216 216 216 216 216 216 216 216 216 216 216 216 216 216 216 216 216 216 216 216 216 216 216 216 216 216 216 216 216 216 216 216 216 216 216 216 216 216 216 216 216 216 216 216 216 216 216 216 216 216 216 
213 213 213 213 213 213 213 213 213 213 213 213 213 213 213 213 213 213 213 213 213 213 213 213 213 213 213 213 213 213 213 213 213 213 213 213 213 213 213 213 213 213 213 213 213 213 213 213 213 213 213 213 213 213 213 213 213 213 213 213 213 213 213 213 213 213 213 213 213 213 213 213 213 213 213 213 213 213 213 213 213 213 213 213 213 213 213 213 213 213 213 213 213 213 213 213 213 213 213 213 
205 205 205 205 205 205 205 205 205 205 205 205 205 205 205 205 205 205 205 205 205 205 205 205 205 205 205 205 205 205 205 205 205 205 205 205 205 205 205 205 205 205 205 205 205 205 205 205 205 205 205 205 205 205 205 205 205 205 205 205 205 205 205 205 205 205 205 205 205 205 205 205 205 205 205 205 205 205 205 205 205 205 205 205 205 205 205 205 205 205 205 205 205 205 205 205 205 205 205 205 
193 193 193 193 193 193 193 193 193 193 193 193 193 193 193 193 193 193 193 193 193 193 193 193 193 193 193 193 193 193 193 193 193 193 193 193 193 193 193 193 193 193 193 193 193 193 193 193 193 193 193 193 193 193 193 193 193 193 193 193 193 193 193 193 193 193 193 193 193 193 193 193 193 193 193 193 193 193 193 193 193 193 193 193 193 193 193 193 193 193 193 193 193 193 193 193 193 193 193 193 
190 190 190 190 190 190 190 190 190 190 190 190 190 190 190 190 190 190 190 190 190 190 190 190 190 190 190 190 190 190 190 190 190 190 190 190 190 190 190 190 190 190 190 190 190 190 190 190 190 190 190 190 190 190 190 190 190 190 190 190 190 190 190 190 190 190 190 190 190 190 190 190 190 190 190 190 190 190 190 190 190 190 190 190 190 190 190 190 190 190 190 190 190 190 190 190 190 190 190 190 
182 182 182 182 182 182 182 182 182 182 182 182 182 182 182 182 182 182 182 182 182 182 182 182 182 182 182 182 182 182 182 182 182 182 182 182 182 182 182 182 182 182 182 182 182 182 182 182 182 182 182 182 182 182 182 182 182 182 182 182 182 182 182 182 182 182 182 182 182 182 182 182 182 182 182 182 182 182 182 182 182 182 182 182 182 182 182 182 182 182 182 182 182 182 182 182 182 182 182 182 
180 180 180 180 180 180 180 180 180 180 180 180 180 180 180 180 180 180 180 180 180 180 180 180 180 180 180 180 180 180 180 180 180 180 180 180 180 180 180 180 180 180 180 180 180 180 180 180 180 180 180 180 180 180 180 180 180 180 180 180 180 180 180 180 180 180 180 180 180 180 180 180 180 180 180 180 180 180 180 180 180 180 180 180 180 180 180 180 180 180 180 180 180 180 180 180 180 180 180 180 
179 179 179 179 179 179 179 179 179 179 179 179 179 179 179 179 179 179 179 179 179 179 179 179 179 179 179 179 179 179 179 179 179 179 179 179 179 179 179 179 179 179 179 179 179 179 179 179 179 179 179 179 179 179 179 179 179 179 179 179 179 179 179 179 179 179 179 179 179 179 179 179 179 179 179 179 179 179 179 179 179 179 179 179 179 179 179 179 179 179 179 179 179 179 179 179 179 179 179 179 
177 177 177 177 177 177 177 177 177 177 177 177 177 177 177 177 177 177 177 177 177 177 177 177 177 177 177 177 177 177 177 177 177 177 177 177 177 177 177 177 177 177 177 177 177 177 177 177 177 177 177 177 177 177 177 177 177 177 177 177 177 177 177 177 177 177 177 177 177 177 177 177 177 177 177 177 177 177 177 177 177 177 177 177 177 177 177 177 177 177 177 177 177 177 177 177 177 177 177 177 
176 176 176 176 176 176 176 176 176 176 176 176 176 176 176 176 176 176 176 176 176 176 176 176 176 176 176 176 176 176 176 176 176 176 176 176 176 176 176 176 176 176 176 176 176 176 176 176 176 176 176 176 176 176 176 176 176 176 176 176 176 176 176 176 176 176 176 176 176 176 176 176 176 176 176 176 176 176 176 176 176 176 176 176 176 176 176 176 176 176 176 176 176 176 176 176 176 176 176 176 
172 172 172 172 172 172 172 172 172 172 172 172 172 172 172 172 172 172 172 172 172 172 172 172 172 172 172 172 172 172 172 172 172 172 172 172 172 172 172 172 172 172 172 172 172 172 172 172 172 172 172 172 172 172 172 172 172 172 172 172 172 172 172 172 172 172 172 172 172 172 172 172 172 172 172 172 172 172 172 172 172 172 172 172 172 172 172 172 172 172 172 172 172 172 172 172 172 172 172 172 
169 169 169 169 169 169 169 169 169 169 169 169 169 169 169 169 169 169 169 169 169 169 169 169 169 169 169 169 169 169 169 169 169 169 169 169 169 169 169 169 169 169 169 169 169 169 169 169 169 169 169 169 169 169 169 169 169 169 169 169 169 169 169 169 169 169 169 169 169 169 169 169 169 169 169 169 169 169 169 169 169 169 169 169 169 169 169 169 169 169 169 169 169 169 169 169 169 169 169 169 
167 167 167 167 167 167 167 167 167 167 167 167 167 167 167 167 167 167 167 167 167 167 167 167 167 167 167 167 167 167 167 167 167 167 167 167 167 167 167 167 167 167 167 167 167 167 167 167 167 167 167 167 167 167 167 167 167 167 167 167 167 167 167 167 167 167 167 167 167 167 167 167 167 167 167 167 167 167 167 167 167 167 167 167 167 167 167 167 167 167 167 167 167 167 167 167 167 167 167 167 
