100 100 1000 35
491 491 491 491 491 491 491 491 491 491 491 491 491 491 491 491 491 491 491 491 491 491 491 491 491 491 491 491 491 491 491 491 491 491 491 491 491 491 491 491 491 491 491 491 491 491 491 491 491 491 491 491 491 491 491 491 491 491 491 491 491 491 491 491 491 491 491 491 491 491 491 491 491 491 491 491 491 491 491 491 491 491 491 491 491 491 491 491 491 491 491 491 491 491 491 491 491 491 491 491 
489 489 489 489 489 489 489 489 489 489 489 489 489 489 489 489 489 489 489 489 489 489 489 489 489 489 489 489 489 489 489 489 489 489 489 489 489 489 489 489 489 489 489 489 489 489 489 489 489 489 489 489 489 489 489 489 489 489 489 489 489 489 489 489 489 489 489 489 489 489 489 489 489 489 489 489 489 489 489 489 489 489 489 489 489 489 489 489 489 489 489 489 489 489 489 489 489 489 489 489 
485 485 485 485 485 485 485 485 485 485 485 485 485 485 485 485 485 485 485 485 485 485 485 485 485 485 485 485 485 485 485 485 485 485 485 485 485 485 485 485 485 485 485 485 485 485 485 485 485 485 485 485 485 485 485 485 485 485 485 485 485 485 485 485 485 485 485 485 485 485 485 485 485 485 485 485 485 485 485 485 485 485 485 485 485 485 485 485 485 485 485 485 485 485 485 485 485 485 485 485 
485 485 485 485 485 485 485 485 485 485 485 485 485 485 485 485 485 485 485 485 485 485 485 485 485 485 485 485 485 485 485 485 485 485 485 485 485 485 485 485 485 485 485 485 485 485 485 485 485 485 485 485 485 485 485 485 485 485 485 485 485 485 485 485 485 485 485 485 485 485 485 485 485 485 485 485 485 485 485 485 485 485 485 485 485 485 485 485 485 485 485 485 485 485 485 485 485 485 485 485 
483 483 483 483 483 483 483 483 483 483 483 483 483 483 483 483 483 483 483 483 483 483 483 483 483 483 483 483 483 483 483 483 483 483 483 483 483 483 483 483 483 483 483 483 483 483 483 483 483 483 483 483 483 483 483 483 483 483 483 483 483 483 483 483 483 483 483 483 483 483 483 483 483 483 483 483 483 483 483 483 483 483 483 483 483 483 483 483 483 483 483 483 483 483 483 483 483 483 483 483 
479 479 479 479 479 479 479 479 479 479 479 479 479 479 479 479 479 479 479 479 479 479 479 479 479 479 479 479 479 479 479 479 479 479 479 479 479 479 479 479 479 479 479 479 479 479 479 479 479 479 479 479 479 479 479 479 479 479 479 479 479 479 479 479 479 479 479 479 479 479 479 479 479 479 479 479 479 479 479 479 479 479 479 479 479 479 479 479 479 479 479 479 479 479 479 479 479 479 479 479 
477 477 477 477 477 477 477 477 477 477 477 477 477 477 477 477 477 477 477 477 477 477 477 477 477 477 477 477 477 477 477 477 477 477 477 477 477 477 477 477 477 477 477 477 477 477 477 477 477 477 477 477 477 477 477 477 477 477 477 477 477 477 477 477 477 477 477 477 477 477 477 477 477 477 477 477 477 477 477 477 477 477 477 477 477 477 477 477 477 477 477 477 477 477 477 477 477 477 477 477 
476 476 476 476 476 476 476 476 476 476 476 476 476 476 476 476 476 476 476 476 476 476 476 476 476 476 476 476 476 476 476 476 476 476 476 476 476 476 476 476 476 476 476 476 476 476 476 476 476 476 476 476 476 476 476 476 476 476 476 476 476 476 476 476 476 476 476 476 476 476 476 476 476 476 476 476 476 476 476 476 476 476 476 476 476 476 476 476 476 476 476 476 476 476 476 476 476 476 476 476 
476 476 476 476 476 476 476 476 476 476 476 476 476 476 476 476 476 476 476 476 476 476 476 476 476 476 476 476 476 476 476 476 476 476 476 476 476 476 476 476 476 476 476 476 476 476 476 476 476 476 476 476 476 476 476 476 476 476 476 476 476 476 476 476 476 476 476 476 476 476 476 476 476 476 476 476 476 476 476 476 476 476 476 476 476 476 476 476 476 476 476 476 476 476 476 476 476 476 476 476 
475 475 475 475 475 475 475 475 475 475 475 475 475 475 475 475 475 475 475 475 475 475 475 475 475 475 475 475 475 475 475 475 475 475 475 475 475 475 475 475 475 475 475 475 475 475 475 475 475 475 475 475 475 475 475 475 475 475 475 475 475 475 475 475 475 475 475 475 475 475 475 475 475 475 475 475 475 475 475 475 475 475 475 475 475 475 475 475 475 475 475 475 475 475 475 475 475 475 475 475 
473 473 473 473 473 473 473 473 473 473 473 473 473 473 473 473 473 473 473 473 473 473 473 473 473 473 473 473 473 473 473 473 473 473 473 473 473 473 473 473 473 473 473 473 473 473 473 473 473 473 473 473 473 473 473 473 473 473 473 473 473 473 473 473 473 473 473 473 473 473 473 473 473 473 473 473 473 473 473 473 473 473 473 473 473 473 473 473 473 473 473 473 473 473 473 473 473 473 473 473 
472 472 472 472 472 472 472 472 472 472 472 472 472 472 472 472 472 472 472 472 472 472 472 472 472 472 472 472 472 472 472 472 472 472 472 472 472 472 472 472 472 472 472 472 472 472 472 472 472 472 472 472 472 472 472 472 472 472 472 472 472 472 472 472 472 472 472 472 472 472 472 472 472 472 472 472 472 472 472 472 472 472 472 472 472 472 472 472 472 472 472 472 472 472 472 472 472 472 472 472 
471 471 471 471 471 471 471 471 471 471 471 471 471 471 471 471 471 471 471 471 471 471 471 471 471 471 471 471 471 471 471 471 471 471 471 471 471 471 471 471 471 471 471 471 471 471 471 471 471 471 471 471 471 471 471 471 471 471 471 471 471 471 471 471 471 471 471 471 471 471 471 471 471 471 471 471 471 471 471 471 471 471 471 471 471 471 471 471 471 471 471 471 471 471 471 471 471 471 471 471 
464 464 464 464 464 464 464 464 464 464 464 464 464 464 464 464 464 464 464 464 464 464 464 464 464 464 464 464 464 464 464 464 464 464 464 464 464 464 464 464 464 464 464 464 464 464 464 464 464 464 464 464 464 464 464 464 464 464 464 464 464 464 464 464 464 464 464 464 464 464 464 464 464 464 464 464 464 464 464 464 464 464 464 464 464 464 464 464 464 464 464 464 464 464 464 464 464 464 464 464 
462 462 462 462 462 462 462 462 462 462 462 462 462 462 462 462 462 462 462 462 462 462 462 462 462 462 462 462 462 462 462 462 462 462 462 462 462 462 462 462 462 462 462 462 462 462 462 462 462 462 462 462 462 462 462 462 462 462 462 462 462 462 462 462 462 462 462 462 462 462 462 462 462 462 462 462 462 462 462 462 462 462 462 462 462 462 462 462 462 462 462 462 462 462 462 462 462 462 462 462 
461 461 461 461 461 461 461 461 461 461 461 461 461 461 461 461 461 461 461 461 461 461 461 461 461 461 461 461 461 461 461 461 461 461 461 461 461 461 461 461 461 461 461 461 461 461 461 461 461 461 461 461 461 461 461 461 461 461 461 461 461 461 461 461 461 461 461 461 461 461 461 461 461 461 461 461 461 461 461 461 461 461 461 461 461 461 461 461 461 461 461 461 461 461 461 461 461 461 461 461 
459 459 459 459 459 459 459 459 459 459 459 459 459 459 459 459 459 459 459 459 459 459 459 459 459 459 459 459 459 459 459 459 459 459 459 459 459 459 459 459 459 459 459 459 459 459 459 459 459 459 459 459 459 459 459 459 459 459 459 459 459 459 459 459 459 459 459 459 459 459 459 459 459 459 459 459 459 459 459 459 459 459 459 459 459 459 459 459 459 459 459 459 459 459 459 459 459 459 459 459 
456 456 456 456 456 456 456 456 456 456 456 456 456 456 456 456 456 456 456 456 456 456 456 456 456 456 456 456 456 456 456 456 456 456 456 456 456 456 456 456 456 456 456 456 456 456 456 456 456 456 456 456 456 456 456 456 456 456 456 456 456 456 456 456 456 456 456 456 456 456 456 456 456 456 456 456 456 456 456 456 456 456 456 456 456 456 456 456 456 456 456 456 456 456 456 456 456 456 456 456 
454 454 454 454 454 454 454 454 454 454 454 454 454 454 454 454 454 454 454 454 454 454 454 454 454 454 454 454 454 454 454 454 454 454 454 454 454 454 454 454 454 454 454 454 454 454 454 454 454 454 454 454 454 454 454 454 454 454 454 454 454 454 454 454 454 454 454 454 454 454 454 454 454 454 454 454 454 454 454 454 454 454 454 454 454 454 454 454 454 454 454 454 454 454 454 454 454 454 454 454 
453 453 453 453 453 453 453 453 453 453 453 453 453 453 453 453 453 453 453 453 453 453 453 453 453 453 453 453 453 453 453 453 453 453 453 453 453 453 453 453 453 453 453 453 453 453 453 453 453 453 453 453 453 453 453 453 453 453 453 453 453 453 453 453 453 453 453 453 453 453 453 453 453 453 453 453 453 453 453 453 453 453 453 453 453 453 453 453 453 453 453 453 453 453 453 453 453 453 453 453 
449 449 449 449 449 449 449 449 449 449 449 449 449 449 449 449 449 449 449 449 449 449 449 449 449 449 449 449 449 449 449 449 449 449 449 449 449 449 449 449 449 449 449 449 449 449 449 449 449 449 449 449 449 449 449 449 449 449 449 449 449 449 449 449 449 449 449 449 449 449 449 449 449 449 449 449 449 449 449 449 449 449 449 449 449 449 449 449 449 449 449 449 449 449 449 449 449 449 449 449 
446 446 446 446 446 446 446 446 446 446 446 446 446 446 446 446 446 446 446 446 446 446 446 446 446 446 446 446 446 446 446 446 446 446 446 446 446 446 446 446 446 446 446 446 446 446 446 446 446 446 446 446 446 446 446 446 446 446 446 446 446 446 446 446 446 446 446 446 446 446 446 446 446 446 446 446 446 446 446 446 446 446 446 446 446 446 446 446 446 446 446 446 446 446 446 446 446 446 446 446 
443 443 443 443 443 443 443 443 443 443 443 443 443 443 443 443 443 443 443 443 443 443 443 443 443 443 443 443 443 443 443 443 443 443 443 443 443 443 443 443 443 443 443 443 443 443 443 443 443 443 443 443 443 443 443 443 443 443 443 443 443 443 443 443 443 443 443 443 443 443 443 443 443 443 443 443 443 443 443 443 443 443 443 443 443 443 443 443 443 443 443 443 443 443 443 443 443 443 443 443 
439 439 439 439 439 439 439 439 439 439 439 439 439 439 439 439 439 439 439 439 439 439 439 439 439 439 439 439 439 439 439 439 439 439 439 439 439 439 439 439 439 439 439 439 439 439 439 439 439 439 439 439 439 439 439 439 439 439 439 439 439 439 439 439 439 439 439 439 439 439 439 439 439 439 439 439 439 439 439 439 439 439 439 439 439 439 439 439 439 439 439 439 439 439 439 439 439 439 439 439 
438 438 438 438 438 438 438 438 438 438 438 438 438 438 438 438 438 438 438 438 438 438 438 438 438 438 438 438 438 438 438 438 438 438 438 438 438 438 438 438 438 438 438 438 438 438 438 438 438 438 438 438 438 438 438 438 438 438 438 438 438 438 438 438 438 438 438 438 438 438 438 438 438 438 438 438 438 438 438 438 438 438 438 438 438 438 438 438 438 438 438 438 438 438 438 438 438 438 438 438 
437 437 437 437 437 437 437 437 437 437 437 437 437 437 437 437 437 437 437 437 437 437 437 437 437 437 437 437 437 437 437 437 437 437 437 437 437 437 437 437 437 437 437 437 437 437 437 437 437 437 437 437 437 437 437 437 437 437 437 437 437 437 437 437 437 437 437 437 437 437 437 437 437 437 437 437 437 437 437 437 437 437 437 437 437 437 437 437 437 437 437 437 437 437 437 437 437 437 437 437 
417 417 417 417 417 417 417 417 417 417 417 417 417 417 417 417 417 417 417 417 417 417 417 417 417 417 417 417 417 417 417 417 417 417 417 417 417 417 417 417 417 417 417 417 417 417 417 417 417 417 417 417 417 417 417 417 417 417 417 417 417 417 417 417 417 417 417 417 417 417 417 417 417 417 417 417 417 417 417 417 417 417 417 417 417 417 417 417 417 417 417 417 417 417 417 417 417 417 417 417 
415 415 415 415 415 415 415 415 415 415 415 415 415 415 415 415 415 415 415 415 415 415 415 415 415 415 415 415 415 415 415 415 415 415 415 415 415 415 415 415 415 415 415 415 415 415 415 415 415 415 415 415 415 415 415 415 415 415 415 415 415 415 415 415 415 415 415 415 415 415 415 415 415 415 415 415 415 415 415 415 415 415 415 415 415 415 415 415 415 415 415 415 415 415 415 415 415 415 415 415 
415 415 415 415 415 415 415 415 415 415 415 415 415 415 415 415 415 415 415 415 415 415 415 415 415 415 415 415 415 415 415 415 415 415 415 415 415 415 415 415 415 415 415 415 415 415 415 415 415 415 415 415 415 415 415 415 415 415 415 415 415 415 415 415 415 415 415 415 415 415 415 415 415 415 415 415 415 415 415 415 415 415 415 415 415 415 415 415 415 415 415 415 415 415 415 415 415 415 415 415 
410 410 410 410 410 410 410 410 410 410 410 410 410 410 410 410 410 410 410 410 410 410 410 410 410 410 410 410 410 410 410 410 410 410 410 410 410 410 410 410 410 410 410 410 410 410 410 410 410 410 410 410 410 410 410 410 410 410 410 410 410 410 410 410 410 410 410 410 410 410 410 410 410 410 410 410 410 410 410 410 410 410 410 410 410 410 410 410 410 410 410 410 410 410 410 410 410 410 410 410 
408 408 408 408 408 408 408 408 408 408 408 408 408 408 408 408 408 408 408 408 408 408 408 408 408 408 408 408 408 408 408 408 408 408 408 408 408 408 408 408 408 408 408 408 408 408 408 408 408 408 408 408 408 408 408 408 408 408 408 408 408 408 408 408 408 408 408 408 408 408 408 408 408 408 408 408 408 408 408 408 408 408 408 408 408 408 408 408 408 408 408 408 408 408 408 408 408 408 408 408 
404 404 404 404 404 404 404 404 404 404 404 404 404 404 404 404 404 404 404 404 404 404 404 404 404 404 404 404 404 404 404 404 404 404 404 404 404 404 404 404 404 404 404 404 404 404 404 404 404 404 404 404 404 404 404 404 404 404 404 404 404 404 404 404 404 404 404 404 404 404 404 404 404 404 404 404 404 404 404 404 404 404 404 404 404 404 404 404 404 404 404 404 404 404 404 404 404 404 404 404 
400 400 400 400 400 400 400 400 400 400 400 400 400 400 400 400 400 400 400 400 400 400 400 400 400 400 400 400 400 400 400 400 400 400 400 400 400 400 400 400 400 400 400 400 400 400 400 400 400 400 400 400 400 400 400 400 400 400 400 400 400 400 400 400 400 400 400 400 400 400 400 400 400 400 400 400 400 400 400 400 400 400 400 400 400 400 400 400 400 400 400 400 400 400 400 400 400 400 400 400 
399 399 399 399 399 399 399 399 399 399 399 399 399 399 399 399 399 399 399 399 399 399 399 399 399 399 399 399 399 399 399 399 399 399 399 399 399 399 399 399 399 399 399 399 399 399 399 399 399 399 399 399 399 399 399 399 399 399 399 399 399 399 399 399 399 399 399 399 399 399 399 399 399 399 399 399 399 399 399 399 399 399 399 399 399 399 399 399 399 399 399 399 399 399 399 399 399 399 399 399 
396 396 396 396 396 396 396 396 396 396 396 396 396 396 396 396 396 396 396 396 396 396 396 396 396 396 396 396 396 396 396 396 396 396 396 396 396 396 396 396 396 396 396 396 396 396 396 396 396 396 396 396 396 396 396 396 396 396 396 396 396 396 396 396 396 396 396 396 396 396 396 396 396 396 396 396 396 396 396 396 396 396 396 396 396 396 396 396 396 396 396 396 396 396 396 396 396 396 396 396 
391 391 391 391 391 391 391 391 391 391 391 391 391 391 391 391 391 391 391 391 391 391 391 391 391 391 391 391 391 391 391 391 391 391 391 391 391 391 391 391 391 391 391 391 391 391 391 391 391 391 391 391 391 391 391 391 391 391 391 391 391 391 391 391 391 391 391 391 391 391 391 391 391 391 391 391 391 391 391 391 391 391 391 391 391 391 391 391 391 391 391 391 391 391 391 391 391 391 391 391 
388 388 388 388 388 388 388 388 388 388 388 388 388 388 388 388 388 388 388 388 388 388 388 388 388 388 388 388 388 388 388 388 388 388 388 388 388 388 388 388 388 388 388 388 388 388 388 388 388 388 388 388 388 388 388 388 388 388 388 388 388 388 388 388 388 388 388 388 388 388 388 388 388 388 388 388 388 388 388 388 388 388 388 388 388 388 388 388 388 388 388 388 388 388 388 388 388 388 388 388 
385 385 385 385 385 385 385 385 385 385 385 385 385 385 385 385 385 385 385 385 385 385 385 385 385 385 385 385 385 385 385 385 385 385 385 385 385 385 385 385 385 385 385 385 385 385 385 385 385 385 385 385 385 385 385 385 385 385 385 385 385 385 385 385 385 385 385 385 385 385 385 385 385 385 385 385 385 385 385 385 385 385 385 385 385 385 385 385 385 385 385 385 385 385 385 385 385 385 385 385 
381 381 381 381 381 381 381 381 381 381 381 381 381 381 381 381 381 381 381 381 381 381 381 381 381 381 381 381 381 381 381 381 381 381 381 381 381 381 381 381 381 381 381 381 381 381 381 381 381 381 381 381 381 381 381 381 381 381 381 381 381 381 381 381 381 381 381 381 381 381 381 381 381 381 381 381 381 381 381 381 381 381 381 381 381 381 381 381 381 381 381 381 381 381 381 381 381 381 381 381 
380 380 380 380 380 380 380 380 380 380 380 380 380 380 380 380 380 380 380 380 380 380 380 380 380 380 380 380 380 380 380 380 380 380 380 380 380 380 380 380 380 380 380 380 380 380 380 380 380 380 380 380 380 380 380 380 380 380 380 380 380 380 380 380 380 380 380 380 380 380 380 380 380 380 380 380 380 380 380 380 380 380 380 380 380 380 380 380 380 380 380 380 380 380 380 380 380 380 380 380 
373 373 373 373 373 373 373 373 373 373 373 373 373 373 373 373 373 373 373 373 373 373 373 373 373 373 373 373 373 373 373 373 373 373 373 373 373 373 373 373 373 373 373 373 373 373 373 373 373 373 373 373 373 373 373 373 373 373 373 373 373 373 373 373 373 373 373 373 373 373 373 373 373 373 373 373 373 373 373 373 373 373 373 373 373 373 373 373 373 373 373 373 373 373 373 373 373 373 373 373 
372 372 372 372 372 372 372 372 372 372 372 372 372 372 372 372 372 372 372 372 372 372 372 372 372 372 372 372 372 372 372 372 372 372 372 372 372 372 372 372 372 372 372 372 372 372 372 372 372 372 372 372 372 372 372 372 372 372 372 372 372 372 372 372 372 372 372 372 372 372 372 372 372 372 372 372 372 372 372 372 372 372 372 372 372 372 372 372 372 372 372 372 372 372 372 372 372 372 372 372 
370 370 370 370 370 370 370 370 370 370 370 370 370 370 370 370 370 370 370 370 370 370 370 370 370 370 370 370 370 370 370 370 370 370 370 370 370 370 370 370 370 370 370 370 370 370 370 370 370 370 370 370 370 370 370 370 370 370 370 370 370 370 370 370 370 370 370 370 370 370 370 370 370 370 370 370 370 370 370 370 370 370 370 370 370 370 370 370 370 370 370 370 370 370 370 370 370 370 370 370 
369 369 369 369 369 369 369 369 369 369 369 369 369 369 369 369 369 369 369 369 369 369 369 369 369 369 369 369 369 369 369 369 369 369 369 369 369 369 369 369 369 369 369 369 369 369 369 369 369 369 369 369 369 369 369 369 369 369 369 369 369 369 369 369 369 369 369 369 369 369 369 369 369 369 369 369 369 369 369 369 369 369 369 369 369 369 369 369 369 369 369 369 369 369 369 369 369 369 369 369 
364 364 364 364 364 364 364 364 364 364 364 364 364 364 364 364 364 364 364 364 364 364 364 364 364 364 364 364 364 364 364 364 364 364 364 364 364 364 364 364 364 364 364 364 364 364 364 364 364 364 364 364 364 364 364 364 364 364 364 364 364 364 364 364 364 364 364 364 364 364 364 364 364 364 364 364 364 364 364 364 364 364 364 364 364 364 364 364 364 364 364 364 364 364 364 364 364 364 364 364 
362 362 362 362 362 362 362 362 362 362 362 362 362 362 362 362 362 362 362 362 362 362 362 362 362 362 362 362 362 362 362 362 362 362 362 362 362 362 362 362 362 362 362 362 362 362 362 362 362 362 362 362 362 362 362 362 362 362 362 362 362 362 362 362 362 362 362 362 362 362 362 362 362 362 362 362 362 362 362 362 362 362 362 362 362 362 362 362 362 362 362 362 362 362 362 362 362 362 362 362 
359 359 359 359 359 359 359 359 359 359 359 359 359 359 359 359 359 359 359 359 359 359 359 359 359 359 359 359 359 359 359 359 359 359 359 359 359 359 359 359 359 359 359 359 359 359 359 359 359 359 359 359 359 359 359 359 359 359 359 359 359 359 359 359 359 359 359 359 359 359 359 359 359 359 359 359 359 359 359 359 359 359 359 359 359 359 359 359 359 359 359 359 359 359 359 359 359 359 359 359 
356 356 356 356 356 356 356 356 356 356 356 356 356 356 356 356 356 356 356 356 356 356 356 356 356 356 356 356 356 356 356 356 356 356 356 356 356 356 356 356 356 356 356 356 356 356 356 356 356 356 356 356 356 356 356 356 356 356 356 356 356 356 356 356 356 356 356 356 356 356 356 356 356 356 356 356 356 356 356 356 356 356 356 356 356 356 356 356 356 356 356 356 356 356 356 356 356 356 356 356 
355 355 355 355 355 355 355 355 355 355 355 355 355 355 355 355 355 355 355 355 355 355 355 355 355 355 355 355 355 355 355 355 355 355 355 355 355 355 355 355 355 355 355 355 355 355 355 355 355 355 355 355 355 355 355 355 355 355 355 355 355 355 355 355 355 355 355 355 355 355 355 355 355 355 355 355 355 355 355 355 355 355 355 355 355 355 355 355 355 355 355 355 355 355 355 355 355 355 355 355 
354 354 354 354 354 354 354 354 354 354 354 354 354 354 354 354 354 354 354 354 354 354 354 354 354 354 354 354 354 354 354 354 354 354 354 354 354 354 354 354 354 354 354 354 354 354 354 354 354 354 354 354 354 354 354 354 354 354 354 354 354 354 354 354 354 354 354 354 354 354 354 354 354 354 354 354 354 354 354 354 354 354 354 354 354 354 354 354 354 354 354 354 354 354 354 354 354 354 354 354 
353 353 353 353 353 353 353 353 353 353 353 353 353 353 353 353 353 353 353 353 353 353 353 353 353 353 353 353 353 353 353 353 353 353 353 353 353 353 353 353 353 353 353 353 353 353 353 353 353 353 353 353 353 353 353 353 353 353 353 353 353 353 353 353 353 353 353 353 353 353 353 353 353 353 353 353 353 353 353 353 353 353 353 353 353 353 353 353 353 353 353 353 353 353 353 353 353 353 353 353 
352 352 352 352 352 352 352 352 352 352 352 352 352 352 352 352 352 352 352 352 352 352 352 352 352 352 352 352 352 352 352 352 352 352 352 352 352 352 352 352 352 352 352 352 352 352 352 352 352 352 352 352 352 352 352 352 352 352 352 352 352 352 352 352 352 352 352 352 352 352 352 352 352 352 352 352 352 352 352 352 352 352 352 352 352 352 352 352 352 352 352 352 352 352 352 352 352 352 352 352 
348 348 348 348 348 348 348 348 348 348 348 348 348 348 348 348 348 348 348 348 348 348 348 348 348 348 348 348 348 348 348 348 348 348 348 348 348 348 348 348 348 348 348 348 348 348 348 348 348 348 348 348 348 348 348 348 348 348 348 348 348 348 348 348 348 348 348 348 348 348 348 348 348 348 348 348 348 348 348 348 348 348 348 348 348 348 348 348 348 348 348 348 348 348 348 348 348 348 348 348 
345 345 345 345 345 345 345 345 345 345 345 345 345 345 345 345 345 345 345 345 345 345 345 345 345 345 345 345 345 345 345 345 345 345 345 345 345 345 345 345 345 345 345 345 345 345 345 345 345 345 345 345 345 345 345 345 345 345 345 345 345 345 345 345 345 345 345 345 345 345 345 345 345 345 345 345 345 345 345 345 345 345 345 345 345 345 345 345 345 345 345 345 345 345 345 345 345 345 345 345 
343 343 343 343 343 343 343 343 343 343 343 343 343 343 343 343 343 343 343 343 343 343 343 343 343 343 343 343 343 343 343 343 343 343 343 343 343 343 343 343 343 343 343 343 343 343 343 343 343 343 343 343 343 343 343 343 343 343 343 343 343 343 343 343 343 343 343 343 343 343 343 343 343 343 343 343 343 343 343 343 343 343 343 343 343 343 343 343 343 343 343 343 343 343 343 343 343 343 343 343 
333 333 333 333 333 333 333 333 333 333 333 333 333 333 333 333 333 333 333 333 333 333 333 333 333 333 333 333 333 333 333 333 333 333 333 333 333 333 333 333 333 333 333 333 333 333 333 333 333 333 333 333 333 333 333 333 333 333 333 333 333 333 333 333 333 333 333 333 333 333 333 333 333 333 333 333 333 333 333 333 333 333 333 333 333 333 333 333 333 333 333 333 333 333 333 333 333 333 333 333 
330 330 330 330 330 330 330 330 330 330 330 330 330 330 330 330 330 330 330 330 330 330 330 330 330 330 330 330 330 330 330 330 330 330 330 330 330 330 330 330 330 330 330 330 330 330 330 330 330 330 330 330 330 330 330 330 330 330 330 330 330 330 330 330 330 330 330 330 330 330 330 330 330 330 330 330 330 330 330 330 330 330 330 330 330 330 330 330 330 330 330 330 330 330 330 330 330 330 330 330 
329 329 329 329 329 329 329 329 329 329 329 329 329 329 329 329 329 329 329 329 329 329 329 329 329 329 329 329 329 329 329 329 329 329 329 329 329 329 329 329 329 329 329 329 329 329 329 329 329 329 329 329 329 329 329 329 329 329 329 329 329 329 329 329 329 329 329 329 329 329 329 329 329 329 329 329 329 329 329 329 329 329 329 329 329 329 329 329 329 329 329 329 329 329 329 329 329 329 329 329 
326 326 326 326 326 326 326 326 326 326 326 326 326 326 326 326 326 326 326 326 326 326 326 326 326 326 326 326 326 326 326 326 326 326 326 326 326 326 326 326 326 326 326 326 326 326 326 326 326 326 326 326 326 326 326 326 326 326 326 326 326 326 326 326 326 326 326 326 326 326 326 326 326 326 326 326 326 326 326 326 326 326 326 326 326 326 326 326 326 326 326 326 326 326 326 326 326 326 326 326 
323 323 323 323 323 323 323 323 323 323 323 323 323 323 323 323 323 323 323 323 323 323 323 323 323 323 323 323 323 323 323 323 323 323 323 323 323 323 323 323 323 323 323 323 323 323 323 323 323 323 323 323 323 323 323 323 323 323 323 323 323 323 323 323 323 323 323 323 323 323 323 323 323 323 323 323 323 323 323 323 323 323 323 323 323 323 323 323 323 323 323 323 323 323 323 323 323 323 323 323 
320 320 320 320 320 320 320 320 320 320 320 320 320 320 320 320 320 320 320 320 320 320 320 320 320 320 320 320 320 320 320 320 320 320 320 320 320 320 320 320 320 320 320 320 320 320 320 320 320 320 320 320 320 320 320 320 320 320 320 320 320 320 320 320 320 320 320 320 320 320 320 320 320 320 320 320 320 320 320 320 320 320 320 320 320 320 320 320 320 320 320 320 320 320 320 320 320 320 320 320 
310 310 310 310 310 310 310 310 310 310 310 310 310 310 310 310 310 310 310 310 310 310 310 310 310 310 310 310 310 310 310 310 310 310 310 310 310 310 310 310 310 310 310 310 310 310 310 310 310 310 310 310 310 310 310 310 310 310 310 310 310 310 310 310 310 310 310 310 310 310 310 310 310 310 310 310 310 310 310 310 310 310 310 310 310 310 310 310 310 310 310 310 310 310 310 310 310 310 310 310 
307 307 307 307 307 307 307 307 307 307 307 307 307 307 307 307 307 307 307 307 307 307 307 307 307 307 307 307 307 307 307 307 307 307 307 307 307 307 307 307 307 307 307 307 307 307 307 307 307 307 307 307 307 307 307 307 307 307 307 307 307 307 307 307 307 307 307 307 307 307 307 307 307 307 307 307 307 307 307 307 307 307 307 307 307 307 307 307 307 307 307 307 307 307 307 307 307 307 307 307 
307 307 307 307 307 307 307 307 307 307 307 307 307 307 307 307 307 307 307 307 307 307 307 307 307 307 307 307 307 307 307 307 307 307 307 307 307 307 307 307 307 307 307 307 307 307 307 307 307 307 307 307 307 307 307 307 307 307 307 307 307 307 307 307 307 307 307 307 307 307 307 307 307 307 307 307 307 307 307 307 307 307 307 307 307 307 307 307 307 307 307 307 307 307 307 307 307 307 307 307 
290 290 290 290 290 290 290 290 290 290 290 290 290 290 290 290 290 290 290 290 290 290 290 290 290 290 290 290 290 290 290 290 290 290 290 290 290 290 290 290 290 290 290 290 290 290 290 290 290 290 290 290 290 290 290 290 290 290 290 290 290 290 290 290 290 290 290 290 290 290 290 290 290 290 290 290 290 290 290 290 290 290 290 290 290 290 290 290 290 290 290 290 290 290 290 290 290 290 290 290 
288 288 288 288 288 288 288 288 288 288 288 288 288 288 288 288 288 288 288 288 288 288 288 288 288 288 288 288 288 288 288 288 288 288 288 288 288 288 288 288 288 288 288 288 288 288 288 288 288 288 288 288 288 288 288 288 288 288 288 288 288 288 288 288 288 288 288 288 288 288 288 288 288 288 288 288 288 288 288 288 288 288 288 288 288 288 288 288 288 288 288 288 288 288 288 288 288 288 288 288 
285 285 285 285 285 285 285 285 285 285 285 285 285 285 285 285 285 285 285 285 285 285 285 285 285 285 285 285 285 285 285 285 285 285 285 285 285 285 285 285 285 285 285 285 285 285 285 285 285 285 285 285 285 285 285 285 285 285 285 285 285 285 285 285 285 285 285 285 285 285 285 285 285 285 285 285 285 285 285 285 285 285 285 285 285 285 285 285 285 285 285 285 285 285 285 285 285 285 285 285 
285 285 285 285 285 285 285 285 285 285 285 285 285 285 285 285 285 285 285 285 285 285 285 285 285 285 285 285 285 285 285 285 285 285 285 285 285 285 285 285 285 285 285 285 285 285 285 285 285 285 285 285 285 285 285 285 285 285 285 285 285 285 285 285 285 285 285 285 285 285 285 285 285 285 285 285 285 285 285 285 285 285 285 285 285 285 285 285 285 285 285 285 285 285 285 285 285 285 285 285 
282 282 282 282 282 282 282 282 282 282 282 282 282 282 282 282 282 282 282 282 282 282 282 282 282 282 282 282 282 282 282 282 282 282 282 282 282 282 282 282 282 282 282 282 282 282 282 282 282 282 282 282 282 282 282 282 282 282 282 282 282 282 282 282 282 282 282 282 282 282 282 282 282 282 282 282 282 282 282 282 282 282 282 282 282 282 282 282 282 282 282 282 282 282 282 282 282 282 282 282 
279 279 279 279 279 279 279 279 279 279 279 279 279 279 279 279 279 279 279 279 279 279 279 279 279 279 279 279 279 279 279 279 279 279 279 279 279 279 279 279 279 279 279 279 279 279 279 279 279 279 279 279 279 279 279 279 279 279 279 279 279 279 279 279 279 279 279 279 279 279 279 279 279 279 279 279 279 279 279 279 279 279 279 279 279 279 279 279 279 279 279 279 279 279 279 279 279 279 279 279 
276 276 276 276 276 276 276 276 276 276 276 276 276 276 276 276 276 276 276 276 276 276 276 276 276 276 276 276 276 276 276 276 276 276 276 276 276 276 276 276 276 276 276 276 276 276 276 276 276 276 276 276 276 276 276 276 276 276 276 276 276 276 276 276 276 276 276 276 276 276 276 276 276 276 276 276 276 276 276 276 276 276 276 276 276 276 276 276 276 276 276 276 276 276 276 276 276 276 276 276 
273 273 273 273 273 273 273 273 273 273 273 273 273 273 273 273 273 273 273 273 273 273 273 273 273 273 273 273 273 273 273 273 273 273 273 273 273 273 273 273 273 273 273 273 273 273 273 273 273 273 273 273 273 273 273 273 273 273 273 273 273 273 273 273 273 273 273 273 273 273 273 273 273 273 273 273 273 273 273 273 273 273 273 273 273 273 273 273 273 273 273 273 273 273 273 273 273 273 273 273 
264 264 264 264 264 264 264 264 264 264 264 264 264 264 264 264 264 264 264 264 264 264 264 264 264 264 264 264 264 264 264 264 264 264 264 264 264 264 264 264 264 264 264 264 264 264 264 264 264 264 264 264 264 264 264 264 264 264 264 264 264 264 264 264 264 264 264 264 264 264 264 264 264 264 264 264 264 264 264 264 264 264 264 264 264 264 264 264 264 264 264 264 264 264 264 264 264 264 264 264 
263 263 263 263 263 263 263 263 263 263 263 263 263 263 263 263 263 263 263 263 263 263 263 263 263 263 263 263 263 263 263 263 263 263 263 263 263 263 263 263 263 263 263 263 263 263 263 263 263 263 263 263 263 263 263 263 263 263 263 263 263 263 263 263 263 263 263 263 263 263 263 263 263 263 263 263 263 263 263 263 263 263 263 263 263 263 263 263 263 263 263 263 263 263 263 263 263 263 263 263 
263 263 263 263 263 263 263 263 263 263 263 263 263 263 263 263 263 263 263 263 263 263 263 263 263 263 263 263 263 263 263 263 263 263 263 263 263 263 263 263 263 263 263 263 263 263 263 263 263 263 263 263 263 263 263 263 263 263 263 263 263 263 263 263 263 263 263 263 263 263 263 263 263 263 263 263 263 263 263 263 263 263 263 263 263 263 263 263 263 263 263 263 263 263 263 263 263 263 263 263 
260 260 260 260 260 260 260 260 260 260 260 260 260 260 260 260 260 260 260 260 260 260 260 260 260 260 260 260 260 260 260 260 260 260 260 260 260 260 260 260 260 260 260 260 260 260 260 260 260 260 260 260 260 260 260 260 260 260 260 260 260 260 260 260 260 260 260 260 260 260 260 260 260 260 260 260 260 260 260 260 260 260 260 260 260 260 260 260 260 260 260 260 260 260 260 260 260 260 260 260 
254 254 254 254 254 254 254 254 254 254 254 254 254 254 254 254 254 254 254 254 254 254 254 254 254 254 254 254 254 254 254 254 254 254 254 254 254 254 254 254 254 254 254 254 254 254 254 254 254 254 254 254 254 254 254 254 254 254 254 254 254 254 254 254 254 254 254 254 254 254 254 254 254 254 254 254 254 254 254 254 254 254 254 254 254 254 254 254 254 254 254 254 254 254 254 254 254 254 254 254 
251 251 251 251 251 251 251 251 251 251 251 251 251 251 251 251 251 251 251 251 251 251 251 251 251 251 251 251 251 251 251 251 251 251 251 251 251 251 251 251 251 251 251 251 251 251 251 251 251 251 251 251 251 251 251 251 251 251 251 251 251 251 251 251 251 251 251 251 251 251 251 251 251 251 251 251 251 251 251 251 251 251 251 251 251 251 251 251 251 251 251 251 251 251 251 251 251 251 251 251 
250 250 250 250 250 250 250 250 250 250 250 250 250 250 250 250 250 250 250 250 250 250 250 250 250 250 250 250 250 250 250 250 250 250 250 250 250 250 250 250 250 250 250 250 250 250 250 250 250 250 250 250 250 250 250 250 250 250 250 250 250 250 250 250 250 250 250 250 250 250 250 250 250 250 250 250 250 250 250 250 250 250 250 250 250 250 250 250 250 250 250 250 250 250 250 250 250 250 250 250 
248 248 248 248 248 248 248 248 248 248 248 248 248 248 248 248 248 248 248 248 248 248 248 248 248 248 248 248 248 248 248 248 248 248 248 248 248 248 248 248 248 248 248 248 248 248 248 248 248 248 248 248 248 248 248 248 248 248 248 248 248 248 248 248 248 248 248 248 248 248 248 248 248 248 248 248 248 248 248 248 248 248 248 248 248 248 248 248 248 248 248 248 248 248 248 248 248 248 248 248 
246 246 246 246 246 246 246 246 246 246 246 246 246 246 246 246 246 246 246 246 246 246 246 246 246 246 246 246 246 246 246 246 246 246 246 246 246 246 246 246 246 246 246 246 246 246 246 246 246 246 246 246 246 246 246 246 246 246 246 246 246 246 246 246 246 246 246 246 246 246 246 246 246 246 246 246 246 246 246 246 246 246 246 246 246 246 246 246 246 246 246 246 246 246 246 246 246 246 246 246 
233 233 233 233 233 233 233 233 233 233 233 233 233 233 233 233 233 233 233 233 233 233 233 233 233 233 233 233 233 233 233 233 233 233 233 233 233 233 233 233 233 233 233 233 233 233 233 233 233 233 233 233 233 233 233 233 233 233 233 233 233 233 233 233 233 233 233 233 233 233 233 233 233 233 233 233 233 233 233 233 233 233 233 233 233 233 233 233 233 233 233 233 233 233 233 233 233 233 233 233 
232 232 232 232 232 232 232 232 232 232 232 232 232 232 232 232 232 232 232 232 232 232 232 232 232 232 232 232 232 232 232 232 232 232 232 232 232 232 232 232 232 232 232 232 232 232 232 232 232 232 232 232 232 232 232 232 232 232 232 232 232 232 232 232 232 232 232 232 232 232 232 232 232 232 232 232 232 232 232 232 232 232 232 232 232 232 232 232 232 232 232 232 232 232 232 232 232 232 232 232 
231 231 231 231 231 231 231 231 231 231 231 231 231 231 231 231 231 231 231 231 231 231 231 231 231 231 231 231 231 231 231 231 231 231 231 231 231 231 231 231 231 231 231 231 231 231 231 231 231 231 231 231 231 231 231 231 231 231 231 231 231 231 231 231 231 231 231 231 231 231 231 231 231 231 231 231 231 231 231 231 231 231 231 231 231 231 231 231 231 231 231 231 231 231 231 231 231 231 231 231 
218 218 218 218 218 218 218 218 218 218 218 218 218 218 218 218 218 218 218 218 218 218 218 218 218 218 218 218 218 218 218 218 218 218 218 218 218 218 218 218 218 218 218 218 218 218 218 218 218 218 218 218 218 218 218 218 218 218 218 218 218 218 218 218 218 218 218 218 218 218 218 218 218 218 218 218 218 218 218 218 218 218 218 218 218 218 218 218 218 218 218 218 218 218 218 218 218 218 218 218 
214 214 214 214 214 214 214 214 214 214 214 214 214 214 214 214 214 214 214 214 214 214 214 214 214 214 214 214 214 214 214 214 214 214 214 214 214 214 214 214 214 214 214 214 214 214 214 214 214 214 214 214 214 214 214 214 214 214 214 214 214 214 214 214 214 214 214 214 214 214 214 214 214 214 214 214 214 214 214 214 214 214 214 214 214 214 214 214 214 214 214 214 214 214 214 214 214 214 214 214 
205 205 205 205 205 205 205 205 205 205 205 205 205 205 205 205 205 205 205 205 205 205 205 205 205 205 205 205 205 205 205 205 205 205 205 205 205 205 205 205 205 205 205 205 205 205 205 205 205 205 205 205 205 205 205 205 205 205 205 205 205 205 205 205 205 205 205 205 205 205 205 205 205 205 205 205 205 205 205 205 205 205 205 205 205 205 205 205 205 205 205 205 205 205 205 205 205 205 205 205 
201 201 201 201 201 201 201 201 201 201 201 201 201 201 201 201 201 201 201 201 201 201 201 201 201 201 201 201 201 201 201 201 201 201 201 201 201 201 201 201 201 201 201 201 201 201 201 201 201 201 201 201 201 201 201 201 201 201 201 201 201 201 201 201 201 201 201 201 201 201 201 201 201 201 201 201 201 201 201 201 201 201 201 201 201 201 201 201 201 201 201 201 201 201 201 201 201 201 201 201 
198 198 198 198 198 198 198 198 198 198 198 198 198 198 198 198 198 198 198 198 198 198 198 198 198 198 198 198 198 198 198 198 198 198 198 198 198 198 198 198 198 198 198 198 198 198 198 198 198 198 198 198 198 198 198 198 198 198 198 198 198 198 198 198 198 198 198 198 198 198 198 198 198 198 198 198 198 198 198 198 198 198 198 198 198 198 198 198 198 198 198 198 198 198 198 198 198 198 198 198 
196 196 196 196 196 196 196 196 196 196 196 196 196 196 196 196 196 196 196 196 196 196 196 196 196 196 196 196 196 196 196 196 196 196 196 196 196 196 196 196 196 196 196 196 196 196 196 196 196 196 196 196 196 196 196 196 196 196 196 196 196 196 196 196 196 196 196 196 196 196 196 196 196 196 196 196 196 196 196 196 196 196 196 196 196 196 196 196 196 196 196 196 196 196 196 196 196 196 196 196 
195 195 195 195 195 195 195 195 195 195 195 195 195 195 195 195 195 195 195 195 195 195 195 195 195 195 195 195 195 195 195 195 195 195 195 195 195 195 195 195 195 195 195 195 195 195 195 195 195 195 195 195 195 195 195 195 195 195 195 195 195 195 195 195 195 195 195 195 195 195 195 195 195 195 195 195 195 195 195 195 195 195 195 195 195 195 195 195 195 195 195 195 195 195 195 195 195 195 195 195 
195 195 195 195 195 195 195 195 195 195 195 195 195 195 195 195 195 195 195 195 195 195 195 195 195 195 195 195 195 195 195 195 195 195 195 195 195 195 195 195 195 195 195 195 195 195 195 195 195 195 195 195 195 195 195 195 195 195 195 195 195 195 195 195 195 195 195 195 195 195 195 195 195 195 195 195 195 195 195 195 195 195 195 195 195 195 195 195 195 195 195 195 195 195 195 195 195 195 195 195 
195 195 195 195 195 195 195 195 195 195 195 195 195 195 195 195 195 195 195 195 195 195 195 195 195 195 195 195 195 195 195 195 195 195 195 195 195 195 195 195 195 195 195 195 195 195 195 195 195 195 195 195 195 195 195 195 195 195 195 195 195 195 195 195 195 195 195 195 195 195 195 195 195 195 195 195 195 195 195 195 195 195 195 195 195 195 195 195 195 195 195 195 195 195 195 195 195 195 195 195 
192 192 192 192 192 192 192 192 192 192 192 192 192 192 192 192 192 192 192 192 192 192 192 192 192 192 192 192 192 192 192 192 192 192 192 192 192 192 192 192 192 192 192 192 192 192 192 192 192 192 192 192 192 192 192 192 192 192 192 192 192 192 192 192 192 192 192 192 192 192 192 192 192 192 192 192 192 192 192 192 192 192 192 192 192 192 192 192 192 192 192 192 192 192 192 192 192 192 192 192 
185 185 185 185 185 185 185 185 185 185 185 185 185 185 185 185 185 185 185 185 185 185 185 185 185 185 185 185 185 185 185 185 185 185 185 185 185 185 185 185 185 185 185 185 185 185 185 185 185 185 185 185 185 185 185 185 185 185 185 185 185 185 185 185 185 185 185 185 185 185 185 185 185 185 185 185 185 185 185 185 185 185 185 185 185 185 185 185 185 185 185 185 185 185 185 185 185 185 185 185 
184 184 184 184 184 184 184 184 184 184 184 184 184 184 184 184 184 184 184 184 184 184 184 184 184 184 184 184 184 184 184 184 184 184 184 184 184 184 184 184 184 184 184 184 184 184 184 184 184 184 184 184 184 184 184 184 184 184 184 184 184 184 184 184 184 184 184 184 184 184 184 184 184 184 184 184 184 184 184 184 184 184 184 184 184 184 184 184 184 184 184 184 184 184 184 184 184 184 184 184 
183 183 183 183 183 183 183 183 183 183 183 183 183 183 183 183 183 183 183 183 183 183 183 183 183 183 183 183 183 183 183 183 183 183 183 183 183 183 183 183 183 183 183 183 183 183 183 183 183 183 183 183 183 183 183 183 183 183 183 183 183 183 183 183 183 183 183 183 183 183 183 183 183 183 183 183 183 183 183 183 183 183 183 183 183 183 183 183 183 183 183 183 183 183 183 183 183 183 183 183 
180 180 180 180 180 180 180 180 180 180 180 180 180 180 180 180 180 180 180 180 180 180 180 180 180 180 180 180 180 180 180 180 180 180 180 180 180 180 180 180 180 180 180 180 180 180 180 180 180 180 180 180 180 180 180 180 180 180 180 180 180 180 180 180 180 180 180 180 180 180 180 180 180 180 180 180 180 180 180 180 180 180 180 180 180 180 180 180 180 180 180 180 180 180 180 180 180 180 180 180 
170 170 170 170 170 170 170 170 170 170 170 170 170 170 170 170 170 170 170 170 170 170 170 170 170 170 170 170 170 170 170 170 170 170 170 170 170 170 170 170 170 170 170 170 170 170 170 170 170 170 170 170 170 170 170 170 170 170 170 170 170 170 170 170 170 170 170 170 170 170 170 170 170 170 170 170 170 170 170 170 170 170 170 170 170 170 170 170 170 170 170 170 170 170 170 170 170 170 170 170 
170 170 170 170 170 170 170 170 170 170 170 170 170 170 170 170 170 170 170 170 170 170 170 170 170 170 170 170 170 170 170 170 170 170 170 170 170 170 170 170 170 170 170 170 170 170 170 170 170 170 170 170 170 170 170 170 170 170 170 170 170 170 170 170 170 170 170 170 170 170 170 170 170 170 170 170 170 170 170 170 170 170 170 170 170 170 170 170 170 170 170 170 170 170 170 170 170 170 170 170 
