120 120 100 40
41.2 41.2 41.2 41.2 41.2 41.2 41.2 41.2 41.2 41.2 41.2 41.2 41.2 41.2 41.2 41.2 41.2 41.2 41.2 41.2 41.2 41.2 41.2 41.2 41.2 41.2 41.2 41.2 41.2 41.2 41.2 41.2 41.2 41.2 41.2 41.2 41.2 41.2 41.2 41.2 41.2 41.2 41.2 41.2 41.2 41.2 41.2 41.2 41.2 41.2 41.2 41.2 41.2 41.2 41.2 41.2 41.2 41.2 41.2 41.2 41.2 41.2 41.2 41.2 41.2 41.2 41.2 41.2 41.2 41.2 41.2 41.2 41.2 41.2 41.2 41.2 41.2 41.2 41.2 41.2 41.2 41.2 41.2 41.2 41.2 41.2 41.2 41.2 41.2 41.2 41.2 41.2 41.2 41.2 41.2 41.2 41.2 41.2 41.2 41.2 41.2 41.2 41.2 41.2 41.2 41.2 41.2 41.2 41.2 41.2 41.2 41.2 41.2 41.2 41.2 41.2 41.2 41.2 41.2 41.2 
27.5 27.5 27.5 27.5 27.5 27.5 27.5 27.5 27.5 27.5 27.5 27.5 27.5 27.5 27.5 27.5 27.5 27.5 27.5 27.5 27.5 27.5 27.5 27.5 27.5 27.5 27.5 27.5 27.5 27.5 27.5 27.5 27.5 27.5 27.5 27.5 27.5 27.5 27.5 27.5 27.5 27.5 27.5 27.5 27.5 27.5 27.5 27.5 27.5 27.5 27.5 27.5 27.5 27.5 27.5 27.5 27.5 27.5 27.5 27.5 27.5 27.5 27.5 27.5 27.5 27.5 27.5 27.5 27.5 27.5 27.5 27.5 27.5 27.5 27.5 27.5 27.5 27.5 27.5 27.5 27.5 27.5 27.5 27.5 27.5 27.5 27.5 27.5 27.5 27.5 27.5 27.5 27.5 27.5 27.5 27.5 27.5 27.5 27.5 27.5 27.5 27.5 27.5 27.5 27.5 27.5 27.5 27.5 27.5 27.5 27.5 27.5 27.5 27.5 27.5 27.5 27.5 27.5 27.5 27.5 
31.3 31.3 31.3 31.3 31.3 31.3 31.3 31.3 31.3 31.3 31.3 31.3 31.3 31.3 31.3 31.3 31.3 31.3 31.3 31.3 31.3 31.3 31.3 31.3 31.3 31.3 31.3 31.3 31.3 31.3 31.3 31.3 31.3 31.3 31.3 31.3 31.3 31.3 31.3 31.3 31.3 31.3 31.3 31.3 31.3 31.3 31.3 31.3 31.3 31.3 31.3 31.3 31.3 31.3 31.3 31.3 31.3 31.3 31.3 31.3 31.3 31.3 31.3 31.3 31.3 31.3 31.3 31.3 31.3 31.3 31.3 31.3 31.3 31.3 31.3 31.3 31.3 31.3 31.3 31.3 31.3 31.3 31.3 31.3 31.3 31.3 31.3 31.3 31.3 31.3 31.3 31.3 31.3 31.3 31.3 31.3 31.3 31.3 31.3 31.3 31.3 31.3 31.3 31.3 31.3 31.3 31.3 31.3 31.3 31.3 31.3 31.3 31.3 31.3 31.3 31.3 31.3 31.3 31.3 31.3 
46.5 46.5 46.5 46.5 46.5 46.5 46.5 46.5 46.5 46.5 46.5 46.5 46.5 46.5 46.5 46.5 46.5 46.5 46.5 46.5 46.5 46.5 46.5 46.5 46.5 46.5 46.5 46.5 46.5 46.5 46.5 46.5 46.5 46.5 46.5 46.5 46.5 46.5 46.5 46.5 46.5 46.5 46.5 46.5 46.5 46.5 46.5 46.5 46.5 46.5 46.5 46.5 46.5 46.5 46.5 46.5 46.5 46.5 46.5 46.5 46.5 46.5 46.5 46.5 46.5 46.5 46.5 46.5 46.5 46.5 46.5 46.5 46.5 46.5 46.5 46.5 46.5 46.5 46.5 46.5 46.5 46.5 46.5 46.5 46.5 46.5 46.5 46.5 46.5 46.5 46.5 46.5 46.5 46.5 46.5 46.5 46.5 46.5 46.5 46.5 46.5 46.5 46.5 46.5 46.5 46.5 46.5 46.5 46.5 46.5 46.5 46.5 46.5 46.5 46.5 46.5 46.5 46.5 46.5 46.5 
26.4 26.4 26.4 26.4 26.4 26.4 26.4 26.4 26.4 26.4 26.4 26.4 26.4 26.4 26.4 26.4 26.4 26.4 26.4 26.4 26.4 26.4 26.4 26.4 26.4 26.4 26.4 26.4 26.4 26.4 26.4 26.4 26.4 26.4 26.4 26.4 26.4 26.4 26.4 26.4 26.4 26.4 26.4 26.4 26.4 26.4 26.4 26.4 26.4 26.4 26.4 26.4 26.4 26.4 26.4 26.4 26.4 26.4 26.4 26.4 26.4 26.4 26.4 26.4 26.4 26.4 26.4 26.4 26.4 26.4 26.4 26.4 26.4 26.4 26.4 26.4 26.4 26.4 26.4 26.4 26.4 26.4 26.4 26.4 26.4 26.4 26.4 26.4 26.4 26.4 26.4 26.4 26.4 26.4 26.4 26.4 26.4 26.4 26.4 26.4 26.4 26.4 26.4 26.4 26.4 26.4 26.4 26.4 26.4 26.4 26.4 26.4 26.4 26.4 26.4 26.4 26.4 26.4 26.4 26.4 
27.1 27.1 27.1 27.1 27.1 27.1 27.1 27.1 27.1 27.1 27.1 27.1 27.1 27.1 27.1 27.1 27.1 27.1 27.1 27.1 27.1 27.1 27.1 27.1 27.1 27.1 27.1 27.1 27.1 27.1 27.1 27.1 27.1 27.1 27.1 27.1 27.1 27.1 27.1 27.1 27.1 27.1 27.1 27.1 27.1 27.1 27.1 27.1 27.1 27.1 27.1 27.1 27.1 27.1 27.1 27.1 27.1 27.1 27.1 27.1 27.1 27.1 27.1 27.1 27.1 27.1 27.1 27.1 27.1 27.1 27.1 27.1 27.1 27.1 27.1 27.1 27.1 27.1 27.1 27.1 27.1 27.1 27.1 27.1 27.1 27.1 27.1 27.1 27.1 27.1 27.1 27.1 27.1 27.1 27.1 27.1 27.1 27.1 27.1 27.1 27.1 27.1 27.1 27.1 27.1 27.1 27.1 27.1 27.1 27.1 27.1 27.1 27.1 27.1 27.1 27.1 27.1 27.1 27.1 27.1 
44.9 44.9 44.9 44.9 44.9 44.9 44.9 44.9 44.9 44.9 44.9 44.9 44.9 44.9 44.9 44.9 44.9 44.9 44.9 44.9 44.9 44.9 44.9 44.9 44.9 44.9 44.9 44.9 44.9 44.9 44.9 44.9 44.9 44.9 44.9 44.9 44.9 44.9 44.9 44.9 44.9 44.9 44.9 44.9 44.9 44.9 44.9 44.9 44.9 44.9 44.9 44.9 44.9 44.9 44.9 44.9 44.9 44.9 44.9 44.9 44.9 44.9 44.9 44.9 44.9 44.9 44.9 44.9 44.9 44.9 44.9 44.9 44.9 44.9 44.9 44.9 44.9 44.9 44.9 44.9 44.9 44.9 44.9 44.9 44.9 44.9 44.9 44.9 44.9 44.9 44.9 44.9 44.9 44.9 44.9 44.9 44.9 44.9 44.9 44.9 44.9 44.9 44.9 44.9 44.9 44.9 44.9 44.9 44.9 44.9 44.9 44.9 44.9 44.9 44.9 44.9 44.9 44.9 44.9 44.9 
26.4 26.4 26.4 26.4 26.4 26.4 26.4 26.4 26.4 26.4 26.4 26.4 26.4 26.4 26.4 26.4 26.4 26.4 26.4 26.4 26.4 26.4 26.4 26.4 26.4 26.4 26.4 26.4 26.4 26.4 26.4 26.4 26.4 26.4 26.4 26.4 26.4 26.4 26.4 26.4 26.4 26.4 26.4 26.4 26.4 26.4 26.4 26.4 26.4 26.4 26.4 26.4 26.4 26.4 26.4 26.4 26.4 26.4 26.4 26.4 26.4 26.4 26.4 26.4 26.4 26.4 26.4 26.4 26.4 26.4 26.4 26.4 26.4 26.4 26.4 26.4 26.4 26.4 26.4 26.4 26.4 26.4 26.4 26.4 26.4 26.4 26.4 26.4 26.4 26.4 26.4 26.4 26.4 26.4 26.4 26.4 26.4 26.4 26.4 26.4 26.4 26.4 26.4 26.4 26.4 26.4 26.4 26.4 26.4 26.4 26.4 26.4 26.4 26.4 26.4 26.4 26.4 26.4 26.4 26.4 
28.7 28.7 28.7 28.7 28.7 28.7 28.7 28.7 28.7 28.7 28.7 28.7 28.7 28.7 28.7 28.7 28.7 28.7 28.7 28.7 28.7 28.7 28.7 28.7 28.7 28.7 28.7 28.7 28.7 28.7 28.7 28.7 28.7 28.7 28.7 28.7 28.7 28.7 28.7 28.7 28.7 28.7 28.7 28.7 28.7 28.7 28.7 28.7 28.7 28.7 28.7 28.7 28.7 28.7 28.7 28.7 28.7 28.7 28.7 28.7 28.7 28.7 28.7 28.7 28.7 28.7 28.7 28.7 28.7 28.7 28.7 28.7 28.7 28.7 28.7 28.7 28.7 28.7 28.7 28.7 28.7 28.7 28.7 28.7 28.7 28.7 28.7 28.7 28.7 28.7 28.7 28.7 28.7 28.7 28.7 28.7 28.7 28.7 28.7 28.7 28.7 28.7 28.7 28.7 28.7 28.7 28.7 28.7 28.7 28.7 28.7 28.7 28.7 28.7 28.7 28.7 28.7 28.7 28.7 28.7 
45.6 45.6 45.6 45.6 45.6 45.6 45.6 45.6 45.6 45.6 45.6 45.6 45.6 45.6 45.6 45.6 45.6 45.6 45.6 45.6 45.6 45.6 45.6 45.6 45.6 45.6 45.6 45.6 45.6 45.6 45.6 45.6 45.6 45.6 45.6 45.6 45.6 45.6 45.6 45.6 45.6 45.6 45.6 45.6 45.6 45.6 45.6 45.6 45.6 45.6 45.6 45.6 45.6 45.6 45.6 45.6 45.6 45.6 45.6 45.6 45.6 45.6 45.6 45.6 45.6 45.6 45.6 45.6 45.6 45.6 45.6 45.6 45.6 45.6 45.6 45.6 45.6 45.6 45.6 45.6 45.6 45.6 45.6 45.6 45.6 45.6 45.6 45.6 45.6 45.6 45.6 45.6 45.6 45.6 45.6 45.6 45.6 45.6 45.6 45.6 45.6 45.6 45.6 45.6 45.6 45.6 45.6 45.6 45.6 45.6 45.6 45.6 45.6 45.6 45.6 45.6 45.6 45.6 45.6 45.6 
26.8 26.8 26.8 26.8 26.8 26.8 26.8 26.8 26.8 26.8 26.8 26.8 26.8 26.8 26.8 26.8 26.8 26.8 26.8 26.8 26.8 26.8 26.8 26.8 26.8 26.8 26.8 26.8 26.8 26.8 26.8 26.8 26.8 26.8 26.8 26.8 26.8 26.8 26.8 26.8 26.8 26.8 26.8 26.8 26.8 26.8 26.8 26.8 26.8 26.8 26.8 26.8 26.8 26.8 26.8 26.8 26.8 26.8 26.8 26.8 26.8 26.8 26.8 26.8 26.8 26.8 26.8 26.8 26.8 26.8 26.8 26.8 26.8 26.8 26.8 26.8 26.8 26.8 26.8 26.8 26.8 26.8 26.8 26.8 26.8 26.8 26.8 26.8 26.8 26.8 26.8 26.8 26.8 26.8 26.8 26.8 26.8 26.8 26.8 26.8 26.8 26.8 26.8 26.8 26.8 26.8 26.8 26.8 26.8 26.8 26.8 26.8 26.8 26.8 26.8 26.8 26.8 26.8 26.8 26.8 
27.6 27.6 27.6 27.6 27.6 27.6 27.6 27.6 27.6 27.6 27.6 27.6 27.6 27.6 27.6 27.6 27.6 27.6 27.6 27.6 27.6 27.6 27.6 27.6 27.6 27.6 27.6 27.6 27.6 27.6 27.6 27.6 27.6 27.6 27.6 27.6 27.6 27.6 27.6 27.6 27.6 27.6 27.6 27.6 27.6 27.6 27.6 27.6 27.6 27.6 27.6 27.6 27.6 27.6 27.6 27.6 27.6 27.6 27.6 27.6 27.6 27.6 27.6 27.6 27.6 27.6 27.6 27.6 27.6 27.6 27.6 27.6 27.6 27.6 27.6 27.6 27.6 27.6 27.6 27.6 27.6 27.6 27.6 27.6 27.6 27.6 27.6 27.6 27.6 27.6 27.6 27.6 27.6 27.6 27.6 27.6 27.6 27.6 27.6 27.6 27.6 27.6 27.6 27.6 27.6 27.6 27.6 27.6 27.6 27.6 27.6 27.6 27.6 27.6 27.6 27.6 27.6 27.6 27.6 27.6 
40.1 40.1 40.1 40.1 40.1 40.1 40.1 40.1 40.1 40.1 40.1 40.1 40.1 40.1 40.1 40.1 40.1 40.1 40.1 40.1 40.1 40.1 40.1 40.1 40.1 40.1 40.1 40.1 40.1 40.1 40.1 40.1 40.1 40.1 40.1 40.1 40.1 40.1 40.1 40.1 40.1 40.1 40.1 40.1 40.1 40.1 40.1 40.1 40.1 40.1 40.1 40.1 40.1 40.1 40.1 40.1 40.1 40.1 40.1 40.1 40.1 40.1 40.1 40.1 40.1 40.1 40.1 40.1 40.1 40.1 40.1 40.1 40.1 40.1 40.1 40.1 40.1 40.1 40.1 40.1 40.1 40.1 40.1 40.1 40.1 40.1 40.1 40.1 40.1 40.1 40.1 40.1 40.1 40.1 40.1 40.1 40.1 40.1 40.1 40.1 40.1 40.1 40.1 40.1 40.1 40.1 40.1 40.1 40.1 40.1 40.1 40.1 40.1 40.1 40.1 40.1 40.1 40.1 40.1 40.1 
28.8 28.8 28.8 28.8 28.8 28.8 28.8 28.8 28.8 28.8 28.8 28.8 28.8 28.8 28.8 28.8 28.8 28.8 28.8 28.8 28.8 28.8 28.8 28.8 28.8 28.8 28.8 28.8 28.8 28.8 28.8 28.8 28.8 28.8 28.8 28.8 28.8 28.8 28.8 28.8 28.8 28.8 28.8 28.8 28.8 28.8 28.8 28.8 28.8 28.8 28.8 28.8 28.8 28.8 28.8 28.8 28.8 28.8 28.8 28.8 28.8 28.8 28.8 28.8 28.8 28.8 28.8 28.8 28.8 28.8 28.8 28.8 28.8 28.8 28.8 28.8 28.8 28.8 28.8 28.8 28.8 28.8 28.8 28.8 28.8 28.8 28.8 28.8 28.8 28.8 28.8 28.8 28.8 28.8 28.8 28.8 28.8 28.8 28.8 28.8 28.8 28.8 28.8 28.8 28.8 28.8 28.8 28.8 28.8 28.8 28.8 28.8 28.8 28.8 28.8 28.8 28.8 28.8 28.8 28.8 
31.1 31.1 31.1 31.1 31.1 31.1 31.1 31.1 31.1 31.1 31.1 31.1 31.1 31.1 31.1 31.1 31.1 31.1 31.1 31.1 31.1 31.1 31.1 31.1 31.1 31.1 31.1 31.1 31.1 31.1 31.1 31.1 31.1 31.1 31.1 31.1 31.1 31.1 31.1 31.1 31.1 31.1 31.1 31.1 31.1 31.1 31.1 31.1 31.1 31.1 31.1 31.1 31.1 31.1 31.1 31.1 31.1 31.1 31.1 31.1 31.1 31.1 31.1 31.1 31.1 31.1 31.1 31.1 31.1 31.1 31.1 31.1 31.1 31.1 31.1 31.1 31.1 31.1 31.1 31.1 31.1 31.1 31.1 31.1 31.1 31.1 31.1 31.1 31.1 31.1 31.1 31.1 31.1 31.1 31.1 31.1 31.1 31.1 31.1 31.1 31.1 31.1 31.1 31.1 31.1 31.1 31.1 31.1 31.1 31.1 31.1 31.1 31.1 31.1 31.1 31.1 31.1 31.1 31.1 31.1 
40 40 40 40 40 40 40 40 40 40 40 40 40 40 40 40 40 40 40 40 40 40 40 40 40 40 40 40 40 40 40 40 40 40 40 40 40 40 40 40 40 40 40 40 40 40 40 40 40 40 40 40 40 40 40 40 40 40 40 40 40 40 40 40 40 40 40 40 40 40 40 40 40 40 40 40 40 40 40 40 40 40 40 40 40 40 40 40 40 40 40 40 40 40 40 40 40 40 40 40 40 40 40 40 40 40 40 40 40 40 40 40 40 40 40 40 40 40 40 40 
27.5 27.5 27.5 27.5 27.5 27.5 27.5 27.5 27.5 27.5 27.5 27.5 27.5 27.5 27.5 27.5 27.5 27.5 27.5 27.5 27.5 27.5 27.5 27.5 27.5 27.5 27.5 27.5 27.5 27.5 27.5 27.5 27.5 27.5 27.5 27.5 27.5 27.5 27.5 27.5 27.5 27.5 27.5 27.5 27.5 27.5 27.5 27.5 27.5 27.5 27.5 27.5 27.5 27.5 27.5 27.5 27.5 27.5 27.5 27.5 27.5 27.5 27.5 27.5 27.5 27.5 27.5 27.5 27.5 27.5 27.5 27.5 27.5 27.5 27.5 27.5 27.5 27.5 27.5 27.5 27.5 27.5 27.5 27.5 27.5 27.5 27.5 27.5 27.5 27.5 27.5 27.5 27.5 27.5 27.5 27.5 27.5 27.5 27.5 27.5 27.5 27.5 27.5 27.5 27.5 27.5 27.5 27.5 27.5 27.5 27.5 27.5 27.5 27.5 27.5 27.5 27.5 27.5 27.5 27.5 
32.5 32.5 32.5 32.5 32.5 32.5 32.5 32.5 32.5 32.5 32.5 32.5 32.5 32.5 32.5 32.5 32.5 32.5 32.5 32.5 32.5 32.5 32.5 32.5 32.5 32.5 32.5 32.5 32.5 32.5 32.5 32.5 32.5 32.5 32.5 32.5 32.5 32.5 32.5 32.5 32.5 32.5 32.5 32.5 32.5 32.5 32.5 32.5 32.5 32.5 32.5 32.5 32.5 32.5 32.5 32.5 32.5 32.5 32.5 32.5 32.5 32.5 32.5 32.5 32.5 32.5 32.5 32.5 32.5 32.5 32.5 32.5 32.5 32.5 32.5 32.5 32.5 32.5 32.5 32.5 32.5 32.5 32.5 32.5 32.5 32.5 32.5 32.5 32.5 32.5 32.5 32.5 32.5 32.5 32.5 32.5 32.5 32.5 32.5 32.5 32.5 32.5 32.5 32.5 32.5 32.5 32.5 32.5 32.5 32.5 32.5 32.5 32.5 32.5 32.5 32.5 32.5 32.5 32.5 32.5 
39.9 39.9 39.9 39.9 39.9 39.9 39.9 39.9 39.9 39.9 39.9 39.9 39.9 39.9 39.9 39.9 39.9 39.9 39.9 39.9 39.9 39.9 39.9 39.9 39.9 39.9 39.9 39.9 39.9 39.9 39.9 39.9 39.9 39.9 39.9 39.9 39.9 39.9 39.9 39.9 39.9 39.9 39.9 39.9 39.9 39.9 39.9 39.9 39.9 39.9 39.9 39.9 39.9 39.9 39.9 39.9 39.9 39.9 39.9 39.9 39.9 39.9 39.9 39.9 39.9 39.9 39.9 39.9 39.9 39.9 39.9 39.9 39.9 39.9 39.9 39.9 39.9 39.9 39.9 39.9 39.9 39.9 39.9 39.9 39.9 39.9 39.9 39.9 39.9 39.9 39.9 39.9 39.9 39.9 39.9 39.9 39.9 39.9 39.9 39.9 39.9 39.9 39.9 39.9 39.9 39.9 39.9 39.9 39.9 39.9 39.9 39.9 39.9 39.9 39.9 39.9 39.9 39.9 39.9 39.9 
26.9 26.9 26.9 26.9 26.9 26.9 26.9 26.9 26.9 26.9 26.9 26.9 26.9 26.9 26.9 26.9 26.9 26.9 26.9 26.9 26.9 26.9 26.9 26.9 26.9 26.9 26.9 26.9 26.9 26.9 26.9 26.9 26.9 26.9 26.9 26.9 26.9 26.9 26.9 26.9 26.9 26.9 26.9 26.9 26.9 26.9 26.9 26.9 26.9 26.9 26.9 26.9 26.9 26.9 26.9 26.9 26.9 26.9 26.9 26.9 26.9 26.9 26.9 26.9 26.9 26.9 26.9 26.9 26.9 26.9 26.9 26.9 26.9 26.9 26.9 26.9 26.9 26.9 26.9 26.9 26.9 26.9 26.9 26.9 26.9 26.9 26.9 26.9 26.9 26.9 26.9 26.9 26.9 26.9 26.9 26.9 26.9 26.9 26.9 26.9 26.9 26.9 26.9 26.9 26.9 26.9 26.9 26.9 26.9 26.9 26.9 26.9 26.9 26.9 26.9 26.9 26.9 26.9 26.9 26.9 
33.2 33.2 33.2 33.2 33.2 33.2 33.2 33.2 33.2 33.2 33.2 33.2 33.2 33.2 33.2 33.2 33.2 33.2 33.2 33.2 33.2 33.2 33.2 33.2 33.2 33.2 33.2 33.2 33.2 33.2 33.2 33.2 33.2 33.2 33.2 33.2 33.2 33.2 33.2 33.2 33.2 33.2 33.2 33.2 33.2 33.2 33.2 33.2 33.2 33.2 33.2 33.2 33.2 33.2 33.2 33.2 33.2 33.2 33.2 33.2 33.2 33.2 33.2 33.2 33.2 33.2 33.2 33.2 33.2 33.2 33.2 33.2 33.2 33.2 33.2 33.2 33.2 33.2 33.2 33.2 33.2 33.2 33.2 33.2 33.2 33.2 33.2 33.2 33.2 33.2 33.2 33.2 33.2 33.2 33.2 33.2 33.2 33.2 33.2 33.2 33.2 33.2 33.2 33.2 33.2 33.2 33.2 33.2 33.2 33.2 33.2 33.2 33.2 33.2 33.2 33.2 33.2 33.2 33.2 33.2 
47.2 47.2 47.2 47.2 47.2 47.2 47.2 47.2 47.2 47.2 47.2 47.2 47.2 47.2 47.2 47.2 47.2 47.2 47.2 47.2 47.2 47.2 47.2 47.2 47.2 47.2 47.2 47.2 47.2 47.2 47.2 47.2 47.2 47.2 47.2 47.2 47.2 47.2 47.2 47.2 47.2 47.2 47.2 47.2 47.2 47.2 47.2 47.2 47.2 47.2 47.2 47.2 47.2 47.2 47.2 47.2 47.2 47.2 47.2 47.2 47.2 47.2 47.2 47.2 47.2 47.2 47.2 47.2 47.2 47.2 47.2 47.2 47.2 47.2 47.2 47.2 47.2 47.2 47.2 47.2 47.2 47.2 47.2 47.2 47.2 47.2 47.2 47.2 47.2 47.2 47.2 47.2 47.2 47.2 47.2 47.2 47.2 47.2 47.2 47.2 47.2 47.2 47.2 47.2 47.2 47.2 47.2 47.2 47.2 47.2 47.2 47.2 47.2 47.2 47.2 47.2 47.2 47.2 47.2 47.2 
26.2 26.2 26.2 26.2 26.2 26.2 26.2 26.2 26.2 26.2 26.2 26.2 26.2 26.2 26.2 26.2 26.2 26.2 26.2 26.2 26.2 26.2 26.2 26.2 26.2 26.2 26.2 26.2 26.2 26.2 26.2 26.2 26.2 26.2 26.2 26.2 26.2 26.2 26.2 26.2 26.2 26.2 26.2 26.2 26.2 26.2 26.2 26.2 26.2 26.2 26.2 26.2 26.2 26.2 26.2 26.2 26.2 26.2 26.2 26.2 26.2 26.2 26.2 26.2 26.2 26.2 26.2 26.2 26.2 26.2 26.2 26.2 26.2 26.2 26.2 26.2 26.2 26.2 26.2 26.2 26.2 26.2 26.2 26.2 26.2 26.2 26.2 26.2 26.2 26.2 26.2 26.2 26.2 26.2 26.2 26.2 26.2 26.2 26.2 26.2 26.2 26.2 26.2 26.2 26.2 26.2 26.2 26.2 26.2 26.2 26.2 26.2 26.2 26.2 26.2 26.2 26.2 26.2 26.2 26.2 
26.6 26.6 26.6 26.6 26.6 26.6 26.6 26.6 26.6 26.6 26.6 26.6 26.6 26.6 26.6 26.6 26.6 26.6 26.6 26.6 26.6 26.6 26.6 26.6 26.6 26.6 26.6 26.6 26.6 26.6 26.6 26.6 26.6 26.6 26.6 26.6 26.6 26.6 26.6 26.6 26.6 26.6 26.6 26.6 26.6 26.6 26.6 26.6 26.6 26.6 26.6 26.6 26.6 26.6 26.6 26.6 26.6 26.6 26.6 26.6 26.6 26.6 26.6 26.6 26.6 26.6 26.6 26.6 26.6 26.6 26.6 26.6 26.6 26.6 26.6 26.6 26.6 26.6 26.6 26.6 26.6 26.6 26.6 26.6 26.6 26.6 26.6 26.6 26.6 26.6 26.6 26.6 26.6 26.6 26.6 26.6 26.6 26.6 26.6 26.6 26.6 26.6 26.6 26.6 26.6 26.6 26.6 26.6 26.6 26.6 26.6 26.6 26.6 26.6 26.6 26.6 26.6 26.6 26.6 26.6 
43.5 43.5 43.5 43.5 43.5 43.5 43.5 43.5 43.5 43.5 43.5 43.5 43.5 43.5 43.5 43.5 43.5 43.5 43.5 43.5 43.5 43.5 43.5 43.5 43.5 43.5 43.5 43.5 43.5 43.5 43.5 43.5 43.5 43.5 43.5 43.5 43.5 43.5 43.5 43.5 43.5 43.5 43.5 43.5 43.5 43.5 43.5 43.5 43.5 43.5 43.5 43.5 43.5 43.5 43.5 43.5 43.5 43.5 43.5 43.5 43.5 43.5 43.5 43.5 43.5 43.5 43.5 43.5 43.5 43.5 43.5 43.5 43.5 43.5 43.5 43.5 43.5 43.5 43.5 43.5 43.5 43.5 43.5 43.5 43.5 43.5 43.5 43.5 43.5 43.5 43.5 43.5 43.5 43.5 43.5 43.5 43.5 43.5 43.5 43.5 43.5 43.5 43.5 43.5 43.5 43.5 43.5 43.5 43.5 43.5 43.5 43.5 43.5 43.5 43.5 43.5 43.5 43.5 43.5 43.5 
25.7 25.7 25.7 25.7 25.7 25.7 25.7 25.7 25.7 25.7 25.7 25.7 25.7 25.7 25.7 25.7 25.7 25.7 25.7 25.7 25.7 25.7 25.7 25.7 25.7 25.7 25.7 25.7 25.7 25.7 25.7 25.7 25.7 25.7 25.7 25.7 25.7 25.7 25.7 25.7 25.7 25.7 25.7 25.7 25.7 25.7 25.7 25.7 25.7 25.7 25.7 25.7 25.7 25.7 25.7 25.7 25.7 25.7 25.7 25.7 25.7 25.7 25.7 25.7 25.7 25.7 25.7 25.7 25.7 25.7 25.7 25.7 25.7 25.7 25.7 25.7 25.7 25.7 25.7 25.7 25.7 25.7 25.7 25.7 25.7 25.7 25.7 25.7 25.7 25.7 25.7 25.7 25.7 25.7 25.7 25.7 25.7 25.7 25.7 25.7 25.7 25.7 25.7 25.7 25.7 25.7 25.7 25.7 25.7 25.7 25.7 25.7 25.7 25.7 25.7 25.7 25.7 25.7 25.7 25.7 
30.8 30.8 30.8 30.8 30.8 30.8 30.8 30.8 30.8 30.8 30.8 30.8 30.8 30.8 30.8 30.8 30.8 30.8 30.8 30.8 30.8 30.8 30.8 30.8 30.8 30.8 30.8 30.8 30.8 30.8 30.8 30.8 30.8 30.8 30.8 30.8 30.8 30.8 30.8 30.8 30.8 30.8 30.8 30.8 30.8 30.8 30.8 30.8 30.8 30.8 30.8 30.8 30.8 30.8 30.8 30.8 30.8 30.8 30.8 30.8 30.8 30.8 30.8 30.8 30.8 30.8 30.8 30.8 30.8 30.8 30.8 30.8 30.8 30.8 30.8 30.8 30.8 30.8 30.8 30.8 30.8 30.8 30.8 30.8 30.8 30.8 30.8 30.8 30.8 30.8 30.8 30.8 30.8 30.8 30.8 30.8 30.8 30.8 30.8 30.8 30.8 30.8 30.8 30.8 30.8 30.8 30.8 30.8 30.8 30.8 30.8 30.8 30.8 30.8 30.8 30.8 30.8 30.8 30.8 30.8 
36.5 36.5 36.5 36.5 36.5 36.5 36.5 36.5 36.5 36.5 36.5 36.5 36.5 36.5 36.5 36.5 36.5 36.5 36.5 36.5 36.5 36.5 36.5 36.5 36.5 36.5 36.5 36.5 36.5 36.5 36.5 36.5 36.5 36.5 36.5 36.5 36.5 36.5 36.5 36.5 36.5 36.5 36.5 36.5 36.5 36.5 36.5 36.5 36.5 36.5 36.5 36.5 36.5 36.5 36.5 36.5 36.5 36.5 36.5 36.5 36.5 36.5 36.5 36.5 36.5 36.5 36.5 36.5 36.5 36.5 36.5 36.5 36.5 36.5 36.5 36.5 36.5 36.5 36.5 36.5 36.5 36.5 36.5 36.5 36.5 36.5 36.5 36.5 36.5 36.5 36.5 36.5 36.5 36.5 36.5 36.5 36.5 36.5 36.5 36.5 36.5 36.5 36.5 36.5 36.5 36.5 36.5 36.5 36.5 36.5 36.5 36.5 36.5 36.5 36.5 36.5 36.5 36.5 36.5 36.5 
25.8 25.8 25.8 25.8 25.8 25.8 25.8 25.8 25.8 25.8 25.8 25.8 25.8 25.8 25.8 25.8 25.8 25.8 25.8 25.8 25.8 25.8 25.8 25.8 25.8 25.8 25.8 25.8 25.8 25.8 25.8 25.8 25.8 25.8 25.8 25.8 25.8 25.8 25.8 25.8 25.8 25.8 25.8 25.8 25.8 25.8 25.8 25.8 25.8 25.8 25.8 25.8 25.8 25.8 25.8 25.8 25.8 25.8 25.8 25.8 25.8 25.8 25.8 25.8 25.8 25.8 25.8 25.8 25.8 25.8 25.8 25.8 25.8 25.8 25.8 25.8 25.8 25.8 25.8 25.8 25.8 25.8 25.8 25.8 25.8 25.8 25.8 25.8 25.8 25.8 25.8 25.8 25.8 25.8 25.8 25.8 25.8 25.8 25.8 25.8 25.8 25.8 25.8 25.8 25.8 25.8 25.8 25.8 25.8 25.8 25.8 25.8 25.8 25.8 25.8 25.8 25.8 25.8 25.8 25.8 
37.7 37.7 37.7 37.7 37.7 37.7 37.7 37.7 37.7 37.7 37.7 37.7 37.7 37.7 37.7 37.7 37.7 37.7 37.7 37.7 37.7 37.7 37.7 37.7 37.7 37.7 37.7 37.7 37.7 37.7 37.7 37.7 37.7 37.7 37.7 37.7 37.7 37.7 37.7 37.7 37.7 37.7 37.7 37.7 37.7 37.7 37.7 37.7 37.7 37.7 37.7 37.7 37.7 37.7 37.7 37.7 37.7 37.7 37.7 37.7 37.7 37.7 37.7 37.7 37.7 37.7 37.7 37.7 37.7 37.7 37.7 37.7 37.7 37.7 37.7 37.7 37.7 37.7 37.7 37.7 37.7 37.7 37.7 37.7 37.7 37.7 37.7 37.7 37.7 37.7 37.7 37.7 37.7 37.7 37.7 37.7 37.7 37.7 37.7 37.7 37.7 37.7 37.7 37.7 37.7 37.7 37.7 37.7 37.7 37.7 37.7 37.7 37.7 37.7 37.7 37.7 37.7 37.7 37.7 37.7 
49.3 49.3 49.3 49.3 49.3 49.3 49.3 49.3 49.3 49.3 49.3 49.3 49.3 49.3 49.3 49.3 49.3 49.3 49.3 49.3 49.3 49.3 49.3 49.3 49.3 49.3 49.3 49.3 49.3 49.3 49.3 49.3 49.3 49.3 49.3 49.3 49.3 49.3 49.3 49.3 49.3 49.3 49.3 49.3 49.3 49.3 49.3 49.3 49.3 49.3 49.3 49.3 49.3 49.3 49.3 49.3 49.3 49.3 49.3 49.3 49.3 49.3 49.3 49.3 49.3 49.3 49.3 49.3 49.3 49.3 49.3 49.3 49.3 49.3 49.3 49.3 49.3 49.3 49.3 49.3 49.3 49.3 49.3 49.3 49.3 49.3 49.3 49.3 49.3 49.3 49.3 49.3 49.3 49.3 49.3 49.3 49.3 49.3 49.3 49.3 49.3 49.3 49.3 49.3 49.3 49.3 49.3 49.3 49.3 49.3 49.3 49.3 49.3 49.3 49.3 49.3 49.3 49.3 49.3 49.3 
25.1 25.1 25.1 25.1 25.1 25.1 25.1 25.1 25.1 25.1 25.1 25.1 25.1 25.1 25.1 25.1 25.1 25.1 25.1 25.1 25.1 25.1 25.1 25.1 25.1 25.1 25.1 25.1 25.1 25.1 25.1 25.1 25.1 25.1 25.1 25.1 25.1 25.1 25.1 25.1 25.1 25.1 25.1 25.1 25.1 25.1 25.1 25.1 25.1 25.1 25.1 25.1 25.1 25.1 25.1 25.1 25.1 25.1 25.1 25.1 25.1 25.1 25.1 25.1 25.1 25.1 25.1 25.1 25.1 25.1 25.1 25.1 25.1 25.1 25.1 25.1 25.1 25.1 25.1 25.1 25.1 25.1 25.1 25.1 25.1 25.1 25.1 25.1 25.1 25.1 25.1 25.1 25.1 25.1 25.1 25.1 25.1 25.1 25.1 25.1 25.1 25.1 25.1 25.1 25.1 25.1 25.1 25.1 25.1 25.1 25.1 25.1 25.1 25.1 25.1 25.1 25.1 25.1 25.1 25.1 
25.6 25.6 25.6 25.6 25.6 25.6 25.6 25.6 25.6 25.6 25.6 25.6 25.6 25.6 25.6 25.6 25.6 25.6 25.6 25.6 25.6 25.6 25.6 25.6 25.6 25.6 25.6 25.6 25.6 25.6 25.6 25.6 25.6 25.6 25.6 25.6 25.6 25.6 25.6 25.6 25.6 25.6 25.6 25.6 25.6 25.6 25.6 25.6 25.6 25.6 25.6 25.6 25.6 25.6 25.6 25.6 25.6 25.6 25.6 25.6 25.6 25.6 25.6 25.6 25.6 25.6 25.6 25.6 25.6 25.6 25.6 25.6 25.6 25.6 25.6 25.6 25.6 25.6 25.6 25.6 25.6 25.6 25.6 25.6 25.6 25.6 25.6 25.6 25.6 25.6 25.6 25.6 25.6 25.6 25.6 25.6 25.6 25.6 25.6 25.6 25.6 25.6 25.6 25.6 25.6 25.6 25.6 25.6 25.6 25.6 25.6 25.6 25.6 25.6 25.6 25.6 25.6 25.6 25.6 25.6 
48.8 48.8 48.8 48.8 48.8 48.8 48.8 48.8 48.8 48.8 48.8 48.8 48.8 48.8 48.8 48.8 48.8 48.8 48.8 48.8 48.8 48.8 48.8 48.8 48.8 48.8 48.8 48.8 48.8 48.8 48.8 48.8 48.8 48.8 48.8 48.8 48.8 48.8 48.8 48.8 48.8 48.8 48.8 48.8 48.8 48.8 48.8 48.8 48.8 48.8 48.8 48.8 48.8 48.8 48.8 48.8 48.8 48.8 48.8 48.8 48.8 48.8 48.8 48.8 48.8 48.8 48.8 48.8 48.8 48.8 48.8 48.8 48.8 48.8 48.8 48.8 48.8 48.8 48.8 48.8 48.8 48.8 48.8 48.8 48.8 48.8 48.8 48.8 48.8 48.8 48.8 48.8 48.8 48.8 48.8 48.8 48.8 48.8 48.8 48.8 48.8 48.8 48.8 48.8 48.8 48.8 48.8 48.8 48.8 48.8 48.8 48.8 48.8 48.8 48.8 48.8 48.8 48.8 48.8 48.8 
25.2 25.2 25.2 25.2 25.2 25.2 25.2 25.2 25.2 25.2 25.2 25.2 25.2 25.2 25.2 25.2 25.2 25.2 25.2 25.2 25.2 25.2 25.2 25.2 25.2 25.2 25.2 25.2 25.2 25.2 25.2 25.2 25.2 25.2 25.2 25.2 25.2 25.2 25.2 25.2 25.2 25.2 25.2 25.2 25.2 25.2 25.2 25.2 25.2 25.2 25.2 25.2 25.2 25.2 25.2 25.2 25.2 25.2 25.2 25.2 25.2 25.2 25.2 25.2 25.2 25.2 25.2 25.2 25.2 25.2 25.2 25.2 25.2 25.2 25.2 25.2 25.2 25.2 25.2 25.2 25.2 25.2 25.2 25.2 25.2 25.2 25.2 25.2 25.2 25.2 25.2 25.2 25.2 25.2 25.2 25.2 25.2 25.2 25.2 25.2 25.2 25.2 25.2 25.2 25.2 25.2 25.2 25.2 25.2 25.2 25.2 25.2 25.2 25.2 25.2 25.2 25.2 25.2 25.2 25.2 
26 26 26 26 26 26 26 26 26 26 26 26 26 26 26 26 26 26 26 26 26 26 26 26 26 26 26 26 26 26 26 26 26 26 26 26 26 26 26 26 26 26 26 26 26 26 26 26 26 26 26 26 26 26 26 26 26 26 26 26 26 26 26 26 26 26 26 26 26 26 26 26 26 26 26 26 26 26 26 26 26 26 26 26 26 26 26 26 26 26 26 26 26 26 26 26 26 26 26 26 26 26 26 26 26 26 26 26 26 26 26 26 26 26 26 26 26 26 26 26 
38.3 38.3 38.3 38.3 38.3 38.3 38.3 38.3 38.3 38.3 38.3 38.3 38.3 38.3 38.3 38.3 38.3 38.3 38.3 38.3 38.3 38.3 38.3 38.3 38.3 38.3 38.3 38.3 38.3 38.3 38.3 38.3 38.3 38.3 38.3 38.3 38.3 38.3 38.3 38.3 38.3 38.3 38.3 38.3 38.3 38.3 38.3 38.3 38.3 38.3 38.3 38.3 38.3 38.3 38.3 38.3 38.3 38.3 38.3 38.3 38.3 38.3 38.3 38.3 38.3 38.3 38.3 38.3 38.3 38.3 38.3 38.3 38.3 38.3 38.3 38.3 38.3 38.3 38.3 38.3 38.3 38.3 38.3 38.3 38.3 38.3 38.3 38.3 38.3 38.3 38.3 38.3 38.3 38.3 38.3 38.3 38.3 38.3 38.3 38.3 38.3 38.3 38.3 38.3 38.3 38.3 38.3 38.3 38.3 38.3 38.3 38.3 38.3 38.3 38.3 38.3 38.3 38.3 38.3 38.3 
28.8 28.8 28.8 28.8 28.8 28.8 28.8 28.8 28.8 28.8 28.8 28.8 28.8 28.8 28.8 28.8 28.8 28.8 28.8 28.8 28.8 28.8 28.8 28.8 28.8 28.8 28.8 28.8 28.8 28.8 28.8 28.8 28.8 28.8 28.8 28.8 28.8 28.8 28.8 28.8 28.8 28.8 28.8 28.8 28.8 28.8 28.8 28.8 28.8 28.8 28.8 28.8 28.8 28.8 28.8 28.8 28.8 28.8 28.8 28.8 28.8 28.8 28.8 28.8 28.8 28.8 28.8 28.8 28.8 28.8 28.8 28.8 28.8 28.8 28.8 28.8 28.8 28.8 28.8 28.8 28.8 28.8 28.8 28.8 28.8 28.8 28.8 28.8 28.8 28.8 28.8 28.8 28.8 28.8 28.8 28.8 28.8 28.8 28.8 28.8 28.8 28.8 28.8 28.8 28.8 28.8 28.8 28.8 28.8 28.8 28.8 28.8 28.8 28.8 28.8 28.8 28.8 28.8 28.8 28.8 
32.9 32.9 32.9 32.9 32.9 32.9 32.9 32.9 32.9 32.9 32.9 32.9 32.9 32.9 32.9 32.9 32.9 32.9 32.9 32.9 32.9 32.9 32.9 32.9 32.9 32.9 32.9 32.9 32.9 32.9 32.9 32.9 32.9 32.9 32.9 32.9 32.9 32.9 32.9 32.9 32.9 32.9 32.9 32.9 32.9 32.9 32.9 32.9 32.9 32.9 32.9 32.9 32.9 32.9 32.9 32.9 32.9 32.9 32.9 32.9 32.9 32.9 32.9 32.9 32.9 32.9 32.9 32.9 32.9 32.9 32.9 32.9 32.9 32.9 32.9 32.9 32.9 32.9 32.9 32.9 32.9 32.9 32.9 32.9 32.9 32.9 32.9 32.9 32.9 32.9 32.9 32.9 32.9 32.9 32.9 32.9 32.9 32.9 32.9 32.9 32.9 32.9 32.9 32.9 32.9 32.9 32.9 32.9 32.9 32.9 32.9 32.9 32.9 32.9 32.9 32.9 32.9 32.9 32.9 32.9 
38.5 38.5 38.5 38.5 38.5 38.5 38.5 38.5 38.5 38.5 38.5 38.5 38.5 38.5 38.5 38.5 38.5 38.5 38.5 38.5 38.5 38.5 38.5 38.5 38.5 38.5 38.5 38.5 38.5 38.5 38.5 38.5 38.5 38.5 38.5 38.5 38.5 38.5 38.5 38.5 38.5 38.5 38.5 38.5 38.5 38.5 38.5 38.5 38.5 38.5 38.5 38.5 38.5 38.5 38.5 38.5 38.5 38.5 38.5 38.5 38.5 38.5 38.5 38.5 38.5 38.5 38.5 38.5 38.5 38.5 38.5 38.5 38.5 38.5 38.5 38.5 38.5 38.5 38.5 38.5 38.5 38.5 38.5 38.5 38.5 38.5 38.5 38.5 38.5 38.5 38.5 38.5 38.5 38.5 38.5 38.5 38.5 38.5 38.5 38.5 38.5 38.5 38.5 38.5 38.5 38.5 38.5 38.5 38.5 38.5 38.5 38.5 38.5 38.5 38.5 38.5 38.5 38.5 38.5 38.5 
26.6 26.6 26.6 26.6 26.6 26.6 26.6 26.6 26.6 26.6 26.6 26.6 26.6 26.6 26.6 26.6 26.6 26.6 26.6 26.6 26.6 26.6 26.6 26.6 26.6 26.6 26.6 26.6 26.6 26.6 26.6 26.6 26.6 26.6 26.6 26.6 26.6 26.6 26.6 26.6 26.6 26.6 26.6 26.6 26.6 26.6 26.6 26.6 26.6 26.6 26.6 26.6 26.6 26.6 26.6 26.6 26.6 26.6 26.6 26.6 26.6 26.6 26.6 26.6 26.6 26.6 26.6 26.6 26.6 26.6 26.6 26.6 26.6 26.6 26.6 26.6 26.6 26.6 26.6 26.6 26.6 26.6 26.6 26.6 26.6 26.6 26.6 26.6 26.6 26.6 26.6 26.6 26.6 26.6 26.6 26.6 26.6 26.6 26.6 26.6 26.6 26.6 26.6 26.6 26.6 26.6 26.6 26.6 26.6 26.6 26.6 26.6 26.6 26.6 26.6 26.6 26.6 26.6 26.6 26.6 
34.9 34.9 34.9 34.9 34.9 34.9 34.9 34.9 34.9 34.9 34.9 34.9 34.9 34.9 34.9 34.9 34.9 34.9 34.9 34.9 34.9 34.9 34.9 34.9 34.9 34.9 34.9 34.9 34.9 34.9 34.9 34.9 34.9 34.9 34.9 34.9 34.9 34.9 34.9 34.9 34.9 34.9 34.9 34.9 34.9 34.9 34.9 34.9 34.9 34.9 34.9 34.9 34.9 34.9 34.9 34.9 34.9 34.9 34.9 34.9 34.9 34.9 34.9 34.9 34.9 34.9 34.9 34.9 34.9 34.9 34.9 34.9 34.9 34.9 34.9 34.9 34.9 34.9 34.9 34.9 34.9 34.9 34.9 34.9 34.9 34.9 34.9 34.9 34.9 34.9 34.9 34.9 34.9 34.9 34.9 34.9 34.9 34.9 34.9 34.9 34.9 34.9 34.9 34.9 34.9 34.9 34.9 34.9 34.9 34.9 34.9 34.9 34.9 34.9 34.9 34.9 34.9 34.9 34.9 34.9 
44.3 44.3 44.3 44.3 44.3 44.3 44.3 44.3 44.3 44.3 44.3 44.3 44.3 44.3 44.3 44.3 44.3 44.3 44.3 44.3 44.3 44.3 44.3 44.3 44.3 44.3 44.3 44.3 44.3 44.3 44.3 44.3 44.3 44.3 44.3 44.3 44.3 44.3 44.3 44.3 44.3 44.3 44.3 44.3 44.3 44.3 44.3 44.3 44.3 44.3 44.3 44.3 44.3 44.3 44.3 44.3 44.3 44.3 44.3 44.3 44.3 44.3 44.3 44.3 44.3 44.3 44.3 44.3 44.3 44.3 44.3 44.3 44.3 44.3 44.3 44.3 44.3 44.3 44.3 44.3 44.3 44.3 44.3 44.3 44.3 44.3 44.3 44.3 44.3 44.3 44.3 44.3 44.3 44.3 44.3 44.3 44.3 44.3 44.3 44.3 44.3 44.3 44.3 44.3 44.3 44.3 44.3 44.3 44.3 44.3 44.3 44.3 44.3 44.3 44.3 44.3 44.3 44.3 44.3 44.3 
27.7 27.7 27.7 27.7 27.7 27.7 27.7 27.7 27.7 27.7 27.7 27.7 27.7 27.7 27.7 27.7 27.7 27.7 27.7 27.7 27.7 27.7 27.7 27.7 27.7 27.7 27.7 27.7 27.7 27.7 27.7 27.7 27.7 27.7 27.7 27.7 27.7 27.7 27.7 27.7 27.7 27.7 27.7 27.7 27.7 27.7 27.7 27.7 27.7 27.7 27.7 27.7 27.7 27.7 27.7 27.7 27.7 27.7 27.7 27.7 27.7 27.7 27.7 27.7 27.7 27.7 27.7 27.7 27.7 27.7 27.7 27.7 27.7 27.7 27.7 27.7 27.7 27.7 27.7 27.7 27.7 27.7 27.7 27.7 27.7 27.7 27.7 27.7 27.7 27.7 27.7 27.7 27.7 27.7 27.7 27.7 27.7 27.7 27.7 27.7 27.7 27.7 27.7 27.7 27.7 27.7 27.7 27.7 27.7 27.7 27.7 27.7 27.7 27.7 27.7 27.7 27.7 27.7 27.7 27.7 
28 28 28 28 28 28 28 28 28 28 28 28 28 28 28 28 28 28 28 28 28 28 28 28 28 28 28 28 28 28 28 28 28 28 28 28 28 28 28 28 28 28 28 28 28 28 28 28 28 28 28 28 28 28 28 28 28 28 28 28 28 28 28 28 28 28 28 28 28 28 28 28 28 28 28 28 28 28 28 28 28 28 28 28 28 28 28 28 28 28 28 28 28 28 28 28 28 28 28 28 28 28 28 28 28 28 28 28 28 28 28 28 28 28 28 28 28 28 28 28 
48.3 48.3 48.3 48.3 48.3 48.3 48.3 48.3 48.3 48.3 48.3 48.3 48.3 48.3 48.3 48.3 48.3 48.3 48.3 48.3 48.3 48.3 48.3 48.3 48.3 48.3 48.3 48.3 48.3 48.3 48.3 48.3 48.3 48.3 48.3 48.3 48.3 48.3 48.3 48.3 48.3 48.3 48.3 48.3 48.3 48.3 48.3 48.3 48.3 48.3 48.3 48.3 48.3 48.3 48.3 48.3 48.3 48.3 48.3 48.3 48.3 48.3 48.3 48.3 48.3 48.3 48.3 48.3 48.3 48.3 48.3 48.3 48.3 48.3 48.3 48.3 48.3 48.3 48.3 48.3 48.3 48.3 48.3 48.3 48.3 48.3 48.3 48.3 48.3 48.3 48.3 48.3 48.3 48.3 48.3 48.3 48.3 48.3 48.3 48.3 48.3 48.3 48.3 48.3 48.3 48.3 48.3 48.3 48.3 48.3 48.3 48.3 48.3 48.3 48.3 48.3 48.3 48.3 48.3 48.3 
25.6 25.6 25.6 25.6 25.6 25.6 25.6 25.6 25.6 25.6 25.6 25.6 25.6 25.6 25.6 25.6 25.6 25.6 25.6 25.6 25.6 25.6 25.6 25.6 25.6 25.6 25.6 25.6 25.6 25.6 25.6 25.6 25.6 25.6 25.6 25.6 25.6 25.6 25.6 25.6 25.6 25.6 25.6 25.6 25.6 25.6 25.6 25.6 25.6 25.6 25.6 25.6 25.6 25.6 25.6 25.6 25.6 25.6 25.6 25.6 25.6 25.6 25.6 25.6 25.6 25.6 25.6 25.6 25.6 25.6 25.6 25.6 25.6 25.6 25.6 25.6 25.6 25.6 25.6 25.6 25.6 25.6 25.6 25.6 25.6 25.6 25.6 25.6 25.6 25.6 25.6 25.6 25.6 25.6 25.6 25.6 25.6 25.6 25.6 25.6 25.6 25.6 25.6 25.6 25.6 25.6 25.6 25.6 25.6 25.6 25.6 25.6 25.6 25.6 25.6 25.6 25.6 25.6 25.6 25.6 
26.1 26.1 26.1 26.1 26.1 26.1 26.1 26.1 26.1 26.1 26.1 26.1 26.1 26.1 26.1 26.1 26.1 26.1 26.1 26.1 26.1 26.1 26.1 26.1 26.1 26.1 26.1 26.1 26.1 26.1 26.1 26.1 26.1 26.1 26.1 26.1 26.1 26.1 26.1 26.1 26.1 26.1 26.1 26.1 26.1 26.1 26.1 26.1 26.1 26.1 26.1 26.1 26.1 26.1 26.1 26.1 26.1 26.1 26.1 26.1 26.1 26.1 26.1 26.1 26.1 26.1 26.1 26.1 26.1 26.1 26.1 26.1 26.1 26.1 26.1 26.1 26.1 26.1 26.1 26.1 26.1 26.1 26.1 26.1 26.1 26.1 26.1 26.1 26.1 26.1 26.1 26.1 26.1 26.1 26.1 26.1 26.1 26.1 26.1 26.1 26.1 26.1 26.1 26.1 26.1 26.1 26.1 26.1 26.1 26.1 26.1 26.1 26.1 26.1 26.1 26.1 26.1 26.1 26.1 26.1 
44.3 44.3 44.3 44.3 44.3 44.3 44.3 44.3 44.3 44.3 44.3 44.3 44.3 44.3 44.3 44.3 44.3 44.3 44.3 44.3 44.3 44.3 44.3 44.3 44.3 44.3 44.3 44.3 44.3 44.3 44.3 44.3 44.3 44.3 44.3 44.3 44.3 44.3 44.3 44.3 44.3 44.3 44.3 44.3 44.3 44.3 44.3 44.3 44.3 44.3 44.3 44.3 44.3 44.3 44.3 44.3 44.3 44.3 44.3 44.3 44.3 44.3 44.3 44.3 44.3 44.3 44.3 44.3 44.3 44.3 44.3 44.3 44.3 44.3 44.3 44.3 44.3 44.3 44.3 44.3 44.3 44.3 44.3 44.3 44.3 44.3 44.3 44.3 44.3 44.3 44.3 44.3 44.3 44.3 44.3 44.3 44.3 44.3 44.3 44.3 44.3 44.3 44.3 44.3 44.3 44.3 44.3 44.3 44.3 44.3 44.3 44.3 44.3 44.3 44.3 44.3 44.3 44.3 44.3 44.3 
26.5 26.5 26.5 26.5 26.5 26.5 26.5 26.5 26.5 26.5 26.5 26.5 26.5 26.5 26.5 26.5 26.5 26.5 26.5 26.5 26.5 26.5 26.5 26.5 26.5 26.5 26.5 26.5 26.5 26.5 26.5 26.5 26.5 26.5 26.5 26.5 26.5 26.5 26.5 26.5 26.5 26.5 26.5 26.5 26.5 26.5 26.5 26.5 26.5 26.5 26.5 26.5 26.5 26.5 26.5 26.5 26.5 26.5 26.5 26.5 26.5 26.5 26.5 26.5 26.5 26.5 26.5 26.5 26.5 26.5 26.5 26.5 26.5 26.5 26.5 26.5 26.5 26.5 26.5 26.5 26.5 26.5 26.5 26.5 26.5 26.5 26.5 26.5 26.5 26.5 26.5 26.5 26.5 26.5 26.5 26.5 26.5 26.5 26.5 26.5 26.5 26.5 26.5 26.5 26.5 26.5 26.5 26.5 26.5 26.5 26.5 26.5 26.5 26.5 26.5 26.5 26.5 26.5 26.5 26.5 
29.2 29.2 29.2 29.2 29.2 29.2 29.2 29.2 29.2 29.2 29.2 29.2 29.2 29.2 29.2 29.2 29.2 29.2 29.2 29.2 29.2 29.2 29.2 29.2 29.2 29.2 29.2 29.2 29.2 29.2 29.2 29.2 29.2 29.2 29.2 29.2 29.2 29.2 29.2 29.2 29.2 29.2 29.2 29.2 29.2 29.2 29.2 29.2 29.2 29.2 29.2 29.2 29.2 29.2 29.2 29.2 29.2 29.2 29.2 29.2 29.2 29.2 29.2 29.2 29.2 29.2 29.2 29.2 29.2 29.2 29.2 29.2 29.2 29.2 29.2 29.2 29.2 29.2 29.2 29.2 29.2 29.2 29.2 29.2 29.2 29.2 29.2 29.2 29.2 29.2 29.2 29.2 29.2 29.2 29.2 29.2 29.2 29.2 29.2 29.2 29.2 29.2 29.2 29.2 29.2 29.2 29.2 29.2 29.2 29.2 29.2 29.2 29.2 29.2 29.2 29.2 29.2 29.2 29.2 29.2 
49.9 49.9 49.9 49.9 49.9 49.9 49.9 49.9 49.9 49.9 49.9 49.9 49.9 49.9 49.9 49.9 49.9 49.9 49.9 49.9 49.9 49.9 49.9 49.9 49.9 49.9 49.9 49.9 49.9 49.9 49.9 49.9 49.9 49.9 49.9 49.9 49.9 49.9 49.9 49.9 49.9 49.9 49.9 49.9 49.9 49.9 49.9 49.9 49.9 49.9 49.9 49.9 49.9 49.9 49.9 49.9 49.9 49.9 49.9 49.9 49.9 49.9 49.9 49.9 49.9 49.9 49.9 49.9 49.9 49.9 49.9 49.9 49.9 49.9 49.9 49.9 49.9 49.9 49.9 49.9 49.9 49.9 49.9 49.9 49.9 49.9 49.9 49.9 49.9 49.9 49.9 49.9 49.9 49.9 49.9 49.9 49.9 49.9 49.9 49.9 49.9 49.9 49.9 49.9 49.9 49.9 49.9 49.9 49.9 49.9 49.9 49.9 49.9 49.9 49.9 49.9 49.9 49.9 49.9 49.9 
25 25 25 25 25 25 25 25 25 25 25 25 25 25 25 25 25 25 25 25 25 25 25 25 25 25 25 25 25 25 25 25 25 25 25 25 25 25 25 25 25 25 25 25 25 25 25 25 25 25 25 25 25 25 25 25 25 25 25 25 25 25 25 25 25 25 25 25 25 25 25 25 25 25 25 25 25 25 25 25 25 25 25 25 25 25 25 25 25 25 25 25 25 25 25 25 25 25 25 25 25 25 25 25 25 25 25 25 25 25 25 25 25 25 25 25 25 25 25 25 
25.1 25.1 25.1 25.1 25.1 25.1 25.1 25.1 25.1 25.1 25.1 25.1 25.1 25.1 25.1 25.1 25.1 25.1 25.1 25.1 25.1 25.1 25.1 25.1 25.1 25.1 25.1 25.1 25.1 25.1 25.1 25.1 25.1 25.1 25.1 25.1 25.1 25.1 25.1 25.1 25.1 25.1 25.1 25.1 25.1 25.1 25.1 25.1 25.1 25.1 25.1 25.1 25.1 25.1 25.1 25.1 25.1 25.1 25.1 25.1 25.1 25.1 25.1 25.1 25.1 25.1 25.1 25.1 25.1 25.1 25.1 25.1 25.1 25.1 25.1 25.1 25.1 25.1 25.1 25.1 25.1 25.1 25.1 25.1 25.1 25.1 25.1 25.1 25.1 25.1 25.1 25.1 25.1 25.1 25.1 25.1 25.1 25.1 25.1 25.1 25.1 25.1 25.1 25.1 25.1 25.1 25.1 25.1 25.1 25.1 25.1 25.1 25.1 25.1 25.1 25.1 25.1 25.1 25.1 25.1 
35.4 35.4 35.4 35.4 35.4 35.4 35.4 35.4 35.4 35.4 35.4 35.4 35.4 35.4 35.4 35.4 35.4 35.4 35.4 35.4 35.4 35.4 35.4 35.4 35.4 35.4 35.4 35.4 35.4 35.4 35.4 35.4 35.4 35.4 35.4 35.4 35.4 35.4 35.4 35.4 35.4 35.4 35.4 35.4 35.4 35.4 35.4 35.4 35.4 35.4 35.4 35.4 35.4 35.4 35.4 35.4 35.4 35.4 35.4 35.4 35.4 35.4 35.4 35.4 35.4 35.4 35.4 35.4 35.4 35.4 35.4 35.4 35.4 35.4 35.4 35.4 35.4 35.4 35.4 35.4 35.4 35.4 35.4 35.4 35.4 35.4 35.4 35.4 35.4 35.4 35.4 35.4 35.4 35.4 35.4 35.4 35.4 35.4 35.4 35.4 35.4 35.4 35.4 35.4 35.4 35.4 35.4 35.4 35.4 35.4 35.4 35.4 35.4 35.4 35.4 35.4 35.4 35.4 35.4 35.4 
29.6 29.6 29.6 29.6 29.6 29.6 29.6 29.6 29.6 29.6 29.6 29.6 29.6 29.6 29.6 29.6 29.6 29.6 29.6 29.6 29.6 29.6 29.6 29.6 29.6 29.6 29.6 29.6 29.6 29.6 29.6 29.6 29.6 29.6 29.6 29.6 29.6 29.6 29.6 29.6 29.6 29.6 29.6 29.6 29.6 29.6 29.6 29.6 29.6 29.6 29.6 29.6 29.6 29.6 29.6 29.6 29.6 29.6 29.6 29.6 29.6 29.6 29.6 29.6 29.6 29.6 29.6 29.6 29.6 29.6 29.6 29.6 29.6 29.6 29.6 29.6 29.6 29.6 29.6 29.6 29.6 29.6 29.6 29.6 29.6 29.6 29.6 29.6 29.6 29.6 29.6 29.6 29.6 29.6 29.6 29.6 29.6 29.6 29.6 29.6 29.6 29.6 29.6 29.6 29.6 29.6 29.6 29.6 29.6 29.6 29.6 29.6 29.6 29.6 29.6 29.6 29.6 29.6 29.6 29.6 
35 35 35 35 35 35 35 35 35 35 35 35 35 35 35 35 35 35 35 35 35 35 35 35 35 35 35 35 35 35 35 35 35 35 35 35 35 35 35 35 35 35 35 35 35 35 35 35 35 35 35 35 35 35 35 35 35 35 35 35 35 35 35 35 35 35 35 35 35 35 35 35 35 35 35 35 35 35 35 35 35 35 35 35 35 35 35 35 35 35 35 35 35 35 35 35 35 35 35 35 35 35 35 35 35 35 35 35 35 35 35 35 35 35 35 35 35 35 35 35 
49.1 49.1 49.1 49.1 49.1 49.1 49.1 49.1 49.1 49.1 49.1 49.1 49.1 49.1 49.1 49.1 49.1 49.1 49.1 49.1 49.1 49.1 49.1 49.1 49.1 49.1 49.1 49.1 49.1 49.1 49.1 49.1 49.1 49.1 49.1 49.1 49.1 49.1 49.1 49.1 49.1 49.1 49.1 49.1 49.1 49.1 49.1 49.1 49.1 49.1 49.1 49.1 49.1 49.1 49.1 49.1 49.1 49.1 49.1 49.1 49.1 49.1 49.1 49.1 49.1 49.1 49.1 49.1 49.1 49.1 49.1 49.1 49.1 49.1 49.1 49.1 49.1 49.1 49.1 49.1 49.1 49.1 49.1 49.1 49.1 49.1 49.1 49.1 49.1 49.1 49.1 49.1 49.1 49.1 49.1 49.1 49.1 49.1 49.1 49.1 49.1 49.1 49.1 49.1 49.1 49.1 49.1 49.1 49.1 49.1 49.1 49.1 49.1 49.1 49.1 49.1 49.1 49.1 49.1 49.1 
25.3 25.3 25.3 25.3 25.3 25.3 25.3 25.3 25.3 25.3 25.3 25.3 25.3 25.3 25.3 25.3 25.3 25.3 25.3 25.3 25.3 25.3 25.3 25.3 25.3 25.3 25.3 25.3 25.3 25.3 25.3 25.3 25.3 25.3 25.3 25.3 25.3 25.3 25.3 25.3 25.3 25.3 25.3 25.3 25.3 25.3 25.3 25.3 25.3 25.3 25.3 25.3 25.3 25.3 25.3 25.3 25.3 25.3 25.3 25.3 25.3 25.3 25.3 25.3 25.3 25.3 25.3 25.3 25.3 25.3 25.3 25.3 25.3 25.3 25.3 25.3 25.3 25.3 25.3 25.3 25.3 25.3 25.3 25.3 25.3 25.3 25.3 25.3 25.3 25.3 25.3 25.3 25.3 25.3 25.3 25.3 25.3 25.3 25.3 25.3 25.3 25.3 25.3 25.3 25.3 25.3 25.3 25.3 25.3 25.3 25.3 25.3 25.3 25.3 25.3 25.3 25.3 25.3 25.3 25.3 
25.6 25.6 25.6 25.6 25.6 25.6 25.6 25.6 25.6 25.6 25.6 25.6 25.6 25.6 25.6 25.6 25.6 25.6 25.6 25.6 25.6 25.6 25.6 25.6 25.6 25.6 25.6 25.6 25.6 25.6 25.6 25.6 25.6 25.6 25.6 25.6 25.6 25.6 25.6 25.6 25.6 25.6 25.6 25.6 25.6 25.6 25.6 25.6 25.6 25.6 25.6 25.6 25.6 25.6 25.6 25.6 25.6 25.6 25.6 25.6 25.6 25.6 25.6 25.6 25.6 25.6 25.6 25.6 25.6 25.6 25.6 25.6 25.6 25.6 25.6 25.6 25.6 25.6 25.6 25.6 25.6 25.6 25.6 25.6 25.6 25.6 25.6 25.6 25.6 25.6 25.6 25.6 25.6 25.6 25.6 25.6 25.6 25.6 25.6 25.6 25.6 25.6 25.6 25.6 25.6 25.6 25.6 25.6 25.6 25.6 25.6 25.6 25.6 25.6 25.6 25.6 25.6 25.6 25.6 25.6 
35.5 35.5 35.5 35.5 35.5 35.5 35.5 35.5 35.5 35.5 35.5 35.5 35.5 35.5 35.5 35.5 35.5 35.5 35.5 35.5 35.5 35.5 35.5 35.5 35.5 35.5 35.5 35.5 35.5 35.5 35.5 35.5 35.5 35.5 35.5 35.5 35.5 35.5 35.5 35.5 35.5 35.5 35.5 35.5 35.5 35.5 35.5 35.5 35.5 35.5 35.5 35.5 35.5 35.5 35.5 35.5 35.5 35.5 35.5 35.5 35.5 35.5 35.5 35.5 35.5 35.5 35.5 35.5 35.5 35.5 35.5 35.5 35.5 35.5 35.5 35.5 35.5 35.5 35.5 35.5 35.5 35.5 35.5 35.5 35.5 35.5 35.5 35.5 35.5 35.5 35.5 35.5 35.5 35.5 35.5 35.5 35.5 35.5 35.5 35.5 35.5 35.5 35.5 35.5 35.5 35.5 35.5 35.5 35.5 35.5 35.5 35.5 35.5 35.5 35.5 35.5 35.5 35.5 35.5 35.5 
26.8 26.8 26.8 26.8 26.8 26.8 26.8 26.8 26.8 26.8 26.8 26.8 26.8 26.8 26.8 26.8 26.8 26.8 26.8 26.8 26.8 26.8 26.8 26.8 26.8 26.8 26.8 26.8 26.8 26.8 26.8 26.8 26.8 26.8 26.8 26.8 26.8 26.8 26.8 26.8 26.8 26.8 26.8 26.8 26.8 26.8 26.8 26.8 26.8 26.8 26.8 26.8 26.8 26.8 26.8 26.8 26.8 26.8 26.8 26.8 26.8 26.8 26.8 26.8 26.8 26.8 26.8 26.8 26.8 26.8 26.8 26.8 26.8 26.8 26.8 26.8 26.8 26.8 26.8 26.8 26.8 26.8 26.8 26.8 26.8 26.8 26.8 26.8 26.8 26.8 26.8 26.8 26.8 26.8 26.8 26.8 26.8 26.8 26.8 26.8 26.8 26.8 26.8 26.8 26.8 26.8 26.8 26.8 26.8 26.8 26.8 26.8 26.8 26.8 26.8 26.8 26.8 26.8 26.8 26.8 
37.7 37.7 37.7 37.7 37.7 37.7 37.7 37.7 37.7 37.7 37.7 37.7 37.7 37.7 37.7 37.7 37.7 37.7 37.7 37.7 37.7 37.7 37.7 37.7 37.7 37.7 37.7 37.7 37.7 37.7 37.7 37.7 37.7 37.7 37.7 37.7 37.7 37.7 37.7 37.7 37.7 37.7 37.7 37.7 37.7 37.7 37.7 37.7 37.7 37.7 37.7 37.7 37.7 37.7 37.7 37.7 37.7 37.7 37.7 37.7 37.7 37.7 37.7 37.7 37.7 37.7 37.7 37.7 37.7 37.7 37.7 37.7 37.7 37.7 37.7 37.7 37.7 37.7 37.7 37.7 37.7 37.7 37.7 37.7 37.7 37.7 37.7 37.7 37.7 37.7 37.7 37.7 37.7 37.7 37.7 37.7 37.7 37.7 37.7 37.7 37.7 37.7 37.7 37.7 37.7 37.7 37.7 37.7 37.7 37.7 37.7 37.7 37.7 37.7 37.7 37.7 37.7 37.7 37.7 37.7 
36 36 36 36 36 36 36 36 36 36 36 36 36 36 36 36 36 36 36 36 36 36 36 36 36 36 36 36 36 36 36 36 36 36 36 36 36 36 36 36 36 36 36 36 36 36 36 36 36 36 36 36 36 36 36 36 36 36 36 36 36 36 36 36 36 36 36 36 36 36 36 36 36 36 36 36 36 36 36 36 36 36 36 36 36 36 36 36 36 36 36 36 36 36 36 36 36 36 36 36 36 36 36 36 36 36 36 36 36 36 36 36 36 36 36 36 36 36 36 36 
29.7 29.7 29.7 29.7 29.7 29.7 29.7 29.7 29.7 29.7 29.7 29.7 29.7 29.7 29.7 29.7 29.7 29.7 29.7 29.7 29.7 29.7 29.7 29.7 29.7 29.7 29.7 29.7 29.7 29.7 29.7 29.7 29.7 29.7 29.7 29.7 29.7 29.7 29.7 29.7 29.7 29.7 29.7 29.7 29.7 29.7 29.7 29.7 29.7 29.7 29.7 29.7 29.7 29.7 29.7 29.7 29.7 29.7 29.7 29.7 29.7 29.7 29.7 29.7 29.7 29.7 29.7 29.7 29.7 29.7 29.7 29.7 29.7 29.7 29.7 29.7 29.7 29.7 29.7 29.7 29.7 29.7 29.7 29.7 29.7 29.7 29.7 29.7 29.7 29.7 29.7 29.7 29.7 29.7 29.7 29.7 29.7 29.7 29.7 29.7 29.7 29.7 29.7 29.7 29.7 29.7 29.7 29.7 29.7 29.7 29.7 29.7 29.7 29.7 29.7 29.7 29.7 29.7 29.7 29.7 
34.3 34.3 34.3 34.3 34.3 34.3 34.3 34.3 34.3 34.3 34.3 34.3 34.3 34.3 34.3 34.3 34.3 34.3 34.3 34.3 34.3 34.3 34.3 34.3 34.3 34.3 34.3 34.3 34.3 34.3 34.3 34.3 34.3 34.3 34.3 34.3 34.3 34.3 34.3 34.3 34.3 34.3 34.3 34.3 34.3 34.3 34.3 34.3 34.3 34.3 34.3 34.3 34.3 34.3 34.3 34.3 34.3 34.3 34.3 34.3 34.3 34.3 34.3 34.3 34.3 34.3 34.3 34.3 34.3 34.3 34.3 34.3 34.3 34.3 34.3 34.3 34.3 34.3 34.3 34.3 34.3 34.3 34.3 34.3 34.3 34.3 34.3 34.3 34.3 34.3 34.3 34.3 34.3 34.3 34.3 34.3 34.3 34.3 34.3 34.3 34.3 34.3 34.3 34.3 34.3 34.3 34.3 34.3 34.3 34.3 34.3 34.3 34.3 34.3 34.3 34.3 34.3 34.3 34.3 34.3 
46.3 46.3 46.3 46.3 46.3 46.3 46.3 46.3 46.3 46.3 46.3 46.3 46.3 46.3 46.3 46.3 46.3 46.3 46.3 46.3 46.3 46.3 46.3 46.3 46.3 46.3 46.3 46.3 46.3 46.3 46.3 46.3 46.3 46.3 46.3 46.3 46.3 46.3 46.3 46.3 46.3 46.3 46.3 46.3 46.3 46.3 46.3 46.3 46.3 46.3 46.3 46.3 46.3 46.3 46.3 46.3 46.3 46.3 46.3 46.3 46.3 46.3 46.3 46.3 46.3 46.3 46.3 46.3 46.3 46.3 46.3 46.3 46.3 46.3 46.3 46.3 46.3 46.3 46.3 46.3 46.3 46.3 46.3 46.3 46.3 46.3 46.3 46.3 46.3 46.3 46.3 46.3 46.3 46.3 46.3 46.3 46.3 46.3 46.3 46.3 46.3 46.3 46.3 46.3 46.3 46.3 46.3 46.3 46.3 46.3 46.3 46.3 46.3 46.3 46.3 46.3 46.3 46.3 46.3 46.3 
25.6 25.6 25.6 25.6 25.6 25.6 25.6 25.6 25.6 25.6 25.6 25.6 25.6 25.6 25.6 25.6 25.6 25.6 25.6 25.6 25.6 25.6 25.6 25.6 25.6 25.6 25.6 25.6 25.6 25.6 25.6 25.6 25.6 25.6 25.6 25.6 25.6 25.6 25.6 25.6 25.6 25.6 25.6 25.6 25.6 25.6 25.6 25.6 25.6 25.6 25.6 25.6 25.6 25.6 25.6 25.6 25.6 25.6 25.6 25.6 25.6 25.6 25.6 25.6 25.6 25.6 25.6 25.6 25.6 25.6 25.6 25.6 25.6 25.6 25.6 25.6 25.6 25.6 25.6 25.6 25.6 25.6 25.6 25.6 25.6 25.6 25.6 25.6 25.6 25.6 25.6 25.6 25.6 25.6 25.6 25.6 25.6 25.6 25.6 25.6 25.6 25.6 25.6 25.6 25.6 25.6 25.6 25.6 25.6 25.6 25.6 25.6 25.6 25.6 25.6 25.6 25.6 25.6 25.6 25.6 
28.1 28.1 28.1 28.1 28.1 28.1 28.1 28.1 28.1 28.1 28.1 28.1 28.1 28.1 28.1 28.1 28.1 28.1 28.1 28.1 28.1 28.1 28.1 28.1 28.1 28.1 28.1 28.1 28.1 28.1 28.1 28.1 28.1 28.1 28.1 28.1 28.1 28.1 28.1 28.1 28.1 28.1 28.1 28.1 28.1 28.1 28.1 28.1 28.1 28.1 28.1 28.1 28.1 28.1 28.1 28.1 28.1 28.1 28.1 28.1 28.1 28.1 28.1 28.1 28.1 28.1 28.1 28.1 28.1 28.1 28.1 28.1 28.1 28.1 28.1 28.1 28.1 28.1 28.1 28.1 28.1 28.1 28.1 28.1 28.1 28.1 28.1 28.1 28.1 28.1 28.1 28.1 28.1 28.1 28.1 28.1 28.1 28.1 28.1 28.1 28.1 28.1 28.1 28.1 28.1 28.1 28.1 28.1 28.1 28.1 28.1 28.1 28.1 28.1 28.1 28.1 28.1 28.1 28.1 28.1 
37.4 37.4 37.4 37.4 37.4 37.4 37.4 37.4 37.4 37.4 37.4 37.4 37.4 37.4 37.4 37.4 37.4 37.4 37.4 37.4 37.4 37.4 37.4 37.4 37.4 37.4 37.4 37.4 37.4 37.4 37.4 37.4 37.4 37.4 37.4 37.4 37.4 37.4 37.4 37.4 37.4 37.4 37.4 37.4 37.4 37.4 37.4 37.4 37.4 37.4 37.4 37.4 37.4 37.4 37.4 37.4 37.4 37.4 37.4 37.4 37.4 37.4 37.4 37.4 37.4 37.4 37.4 37.4 37.4 37.4 37.4 37.4 37.4 37.4 37.4 37.4 37.4 37.4 37.4 37.4 37.4 37.4 37.4 37.4 37.4 37.4 37.4 37.4 37.4 37.4 37.4 37.4 37.4 37.4 37.4 37.4 37.4 37.4 37.4 37.4 37.4 37.4 37.4 37.4 37.4 37.4 37.4 37.4 37.4 37.4 37.4 37.4 37.4 37.4 37.4 37.4 37.4 37.4 37.4 37.4 
30 30 30 30 30 30 30 30 30 30 30 30 30 30 30 30 30 30 30 30 30 30 30 30 30 30 30 30 30 30 30 30 30 30 30 30 30 30 30 30 30 30 30 30 30 30 30 30 30 30 30 30 30 30 30 30 30 30 30 30 30 30 30 30 30 30 30 30 30 30 30 30 30 30 30 30 30 30 30 30 30 30 30 30 30 30 30 30 30 30 30 30 30 30 30 30 30 30 30 30 30 30 30 30 30 30 30 30 30 30 30 30 30 30 30 30 30 30 30 30 
32.6 32.6 32.6 32.6 32.6 32.6 32.6 32.6 32.6 32.6 32.6 32.6 32.6 32.6 32.6 32.6 32.6 32.6 32.6 32.6 32.6 32.6 32.6 32.6 32.6 32.6 32.6 32.6 32.6 32.6 32.6 32.6 32.6 32.6 32.6 32.6 32.6 32.6 32.6 32.6 32.6 32.6 32.6 32.6 32.6 32.6 32.6 32.6 32.6 32.6 32.6 32.6 32.6 32.6 32.6 32.6 32.6 32.6 32.6 32.6 32.6 32.6 32.6 32.6 32.6 32.6 32.6 32.6 32.6 32.6 32.6 32.6 32.6 32.6 32.6 32.6 32.6 32.6 32.6 32.6 32.6 32.6 32.6 32.6 32.6 32.6 32.6 32.6 32.6 32.6 32.6 32.6 32.6 32.6 32.6 32.6 32.6 32.6 32.6 32.6 32.6 32.6 32.6 32.6 32.6 32.6 32.6 32.6 32.6 32.6 32.6 32.6 32.6 32.6 32.6 32.6 32.6 32.6 32.6 32.6 
37.2 37.2 37.2 37.2 37.2 37.2 37.2 37.2 37.2 37.2 37.2 37.2 37.2 37.2 37.2 37.2 37.2 37.2 37.2 37.2 37.2 37.2 37.2 37.2 37.2 37.2 37.2 37.2 37.2 37.2 37.2 37.2 37.2 37.2 37.2 37.2 37.2 37.2 37.2 37.2 37.2 37.2 37.2 37.2 37.2 37.2 37.2 37.2 37.2 37.2 37.2 37.2 37.2 37.2 37.2 37.2 37.2 37.2 37.2 37.2 37.2 37.2 37.2 37.2 37.2 37.2 37.2 37.2 37.2 37.2 37.2 37.2 37.2 37.2 37.2 37.2 37.2 37.2 37.2 37.2 37.2 37.2 37.2 37.2 37.2 37.2 37.2 37.2 37.2 37.2 37.2 37.2 37.2 37.2 37.2 37.2 37.2 37.2 37.2 37.2 37.2 37.2 37.2 37.2 37.2 37.2 37.2 37.2 37.2 37.2 37.2 37.2 37.2 37.2 37.2 37.2 37.2 37.2 37.2 37.2 
29.1 29.1 29.1 29.1 29.1 29.1 29.1 29.1 29.1 29.1 29.1 29.1 29.1 29.1 29.1 29.1 29.1 29.1 29.1 29.1 29.1 29.1 29.1 29.1 29.1 29.1 29.1 29.1 29.1 29.1 29.1 29.1 29.1 29.1 29.1 29.1 29.1 29.1 29.1 29.1 29.1 29.1 29.1 29.1 29.1 29.1 29.1 29.1 29.1 29.1 29.1 29.1 29.1 29.1 29.1 29.1 29.1 29.1 29.1 29.1 29.1 29.1 29.1 29.1 29.1 29.1 29.1 29.1 29.1 29.1 29.1 29.1 29.1 29.1 29.1 29.1 29.1 29.1 29.1 29.1 29.1 29.1 29.1 29.1 29.1 29.1 29.1 29.1 29.1 29.1 29.1 29.1 29.1 29.1 29.1 29.1 29.1 29.1 29.1 29.1 29.1 29.1 29.1 29.1 29.1 29.1 29.1 29.1 29.1 29.1 29.1 29.1 29.1 29.1 29.1 29.1 29.1 29.1 29.1 29.1 
33.7 33.7 33.7 33.7 33.7 33.7 33.7 33.7 33.7 33.7 33.7 33.7 33.7 33.7 33.7 33.7 33.7 33.7 33.7 33.7 33.7 33.7 33.7 33.7 33.7 33.7 33.7 33.7 33.7 33.7 33.7 33.7 33.7 33.7 33.7 33.7 33.7 33.7 33.7 33.7 33.7 33.7 33.7 33.7 33.7 33.7 33.7 33.7 33.7 33.7 33.7 33.7 33.7 33.7 33.7 33.7 33.7 33.7 33.7 33.7 33.7 33.7 33.7 33.7 33.7 33.7 33.7 33.7 33.7 33.7 33.7 33.7 33.7 33.7 33.7 33.7 33.7 33.7 33.7 33.7 33.7 33.7 33.7 33.7 33.7 33.7 33.7 33.7 33.7 33.7 33.7 33.7 33.7 33.7 33.7 33.7 33.7 33.7 33.7 33.7 33.7 33.7 33.7 33.7 33.7 33.7 33.7 33.7 33.7 33.7 33.7 33.7 33.7 33.7 33.7 33.7 33.7 33.7 33.7 33.7 
40 40 40 40 40 40 40 40 40 40 40 40 40 40 40 40 40 40 40 40 40 40 40 40 40 40 40 40 40 40 40 40 40 40 40 40 40 40 40 40 40 40 40 40 40 40 40 40 40 40 40 40 40 40 40 40 40 40 40 40 40 40 40 40 40 40 40 40 40 40 40 40 40 40 40 40 40 40 40 40 40 40 40 40 40 40 40 40 40 40 40 40 40 40 40 40 40 40 40 40 40 40 40 40 40 40 40 40 40 40 40 40 40 40 40 40 40 40 40 40 
25.3 25.3 25.3 25.3 25.3 25.3 25.3 25.3 25.3 25.3 25.3 25.3 25.3 25.3 25.3 25.3 25.3 25.3 25.3 25.3 25.3 25.3 25.3 25.3 25.3 25.3 25.3 25.3 25.3 25.3 25.3 25.3 25.3 25.3 25.3 25.3 25.3 25.3 25.3 25.3 25.3 25.3 25.3 25.3 25.3 25.3 25.3 25.3 25.3 25.3 25.3 25.3 25.3 25.3 25.3 25.3 25.3 25.3 25.3 25.3 25.3 25.3 25.3 25.3 25.3 25.3 25.3 25.3 25.3 25.3 25.3 25.3 25.3 25.3 25.3 25.3 25.3 25.3 25.3 25.3 25.3 25.3 25.3 25.3 25.3 25.3 25.3 25.3 25.3 25.3 25.3 25.3 25.3 25.3 25.3 25.3 25.3 25.3 25.3 25.3 25.3 25.3 25.3 25.3 25.3 25.3 25.3 25.3 25.3 25.3 25.3 25.3 25.3 25.3 25.3 25.3 25.3 25.3 25.3 25.3 
34.7 34.7 34.7 34.7 34.7 34.7 34.7 34.7 34.7 34.7 34.7 34.7 34.7 34.7 34.7 34.7 34.7 34.7 34.7 34.7 34.7 34.7 34.7 34.7 34.7 34.7 34.7 34.7 34.7 34.7 34.7 34.7 34.7 34.7 34.7 34.7 34.7 34.7 34.7 34.7 34.7 34.7 34.7 34.7 34.7 34.7 34.7 34.7 34.7 34.7 34.7 34.7 34.7 34.7 34.7 34.7 34.7 34.7 34.7 34.7 34.7 34.7 34.7 34.7 34.7 34.7 34.7 34.7 34.7 34.7 34.7 34.7 34.7 34.7 34.7 34.7 34.7 34.7 34.7 34.7 34.7 34.7 34.7 34.7 34.7 34.7 34.7 34.7 34.7 34.7 34.7 34.7 34.7 34.7 34.7 34.7 34.7 34.7 34.7 34.7 34.7 34.7 34.7 34.7 34.7 34.7 34.7 34.7 34.7 34.7 34.7 34.7 34.7 34.7 34.7 34.7 34.7 34.7 34.7 34.7 
42.2 42.2 42.2 42.2 42.2 42.2 42.2 42.2 42.2 42.2 42.2 42.2 42.2 42.2 42.2 42.2 42.2 42.2 42.2 42.2 42.2 42.2 42.2 42.2 42.2 42.2 42.2 42.2 42.2 42.2 42.2 42.2 42.2 42.2 42.2 42.2 42.2 42.2 42.2 42.2 42.2 42.2 42.2 42.2 42.2 42.2 42.2 42.2 42.2 42.2 42.2 42.2 42.2 42.2 42.2 42.2 42.2 42.2 42.2 42.2 42.2 42.2 42.2 42.2 42.2 42.2 42.2 42.2 42.2 42.2 42.2 42.2 42.2 42.2 42.2 42.2 42.2 42.2 42.2 42.2 42.2 42.2 42.2 42.2 42.2 42.2 42.2 42.2 42.2 42.2 42.2 42.2 42.2 42.2 42.2 42.2 42.2 42.2 42.2 42.2 42.2 42.2 42.2 42.2 42.2 42.2 42.2 42.2 42.2 42.2 42.2 42.2 42.2 42.2 42.2 42.2 42.2 42.2 42.2 42.2 
26.8 26.8 26.8 26.8 26.8 26.8 26.8 26.8 26.8 26.8 26.8 26.8 26.8 26.8 26.8 26.8 26.8 26.8 26.8 26.8 26.8 26.8 26.8 26.8 26.8 26.8 26.8 26.8 26.8 26.8 26.8 26.8 26.8 26.8 26.8 26.8 26.8 26.8 26.8 26.8 26.8 26.8 26.8 26.8 26.8 26.8 26.8 26.8 26.8 26.8 26.8 26.8 26.8 26.8 26.8 26.8 26.8 26.8 26.8 26.8 26.8 26.8 26.8 26.8 26.8 26.8 26.8 26.8 26.8 26.8 26.8 26.8 26.8 26.8 26.8 26.8 26.8 26.8 26.8 26.8 26.8 26.8 26.8 26.8 26.8 26.8 26.8 26.8 26.8 26.8 26.8 26.8 26.8 26.8 26.8 26.8 26.8 26.8 26.8 26.8 26.8 26.8 26.8 26.8 26.8 26.8 26.8 26.8 26.8 26.8 26.8 26.8 26.8 26.8 26.8 26.8 26.8 26.8 26.8 26.8 
31 31 31 31 31 31 31 31 31 31 31 31 31 31 31 31 31 31 31 31 31 31 31 31 31 31 31 31 31 31 31 31 31 31 31 31 31 31 31 31 31 31 31 31 31 31 31 31 31 31 31 31 31 31 31 31 31 31 31 31 31 31 31 31 31 31 31 31 31 31 31 31 31 31 31 31 31 31 31 31 31 31 31 31 31 31 31 31 31 31 31 31 31 31 31 31 31 31 31 31 31 31 31 31 31 31 31 31 31 31 31 31 31 31 31 31 31 31 31 31 
39.5 39.5 39.5 39.5 39.5 39.5 39.5 39.5 39.5 39.5 39.5 39.5 39.5 39.5 39.5 39.5 39.5 39.5 39.5 39.5 39.5 39.5 39.5 39.5 39.5 39.5 39.5 39.5 39.5 39.5 39.5 39.5 39.5 39.5 39.5 39.5 39.5 39.5 39.5 39.5 39.5 39.5 39.5 39.5 39.5 39.5 39.5 39.5 39.5 39.5 39.5 39.5 39.5 39.5 39.5 39.5 39.5 39.5 39.5 39.5 39.5 39.5 39.5 39.5 39.5 39.5 39.5 39.5 39.5 39.5 39.5 39.5 39.5 39.5 39.5 39.5 39.5 39.5 39.5 39.5 39.5 39.5 39.5 39.5 39.5 39.5 39.5 39.5 39.5 39.5 39.5 39.5 39.5 39.5 39.5 39.5 39.5 39.5 39.5 39.5 39.5 39.5 39.5 39.5 39.5 39.5 39.5 39.5 39.5 39.5 39.5 39.5 39.5 39.5 39.5 39.5 39.5 39.5 39.5 39.5 
26.7 26.7 26.7 26.7 26.7 26.7 26.7 26.7 26.7 26.7 26.7 26.7 26.7 26.7 26.7 26.7 26.7 26.7 26.7 26.7 26.7 26.7 26.7 26.7 26.7 26.7 26.7 26.7 26.7 26.7 26.7 26.7 26.7 26.7 26.7 26.7 26.7 26.7 26.7 26.7 26.7 26.7 26.7 26.7 26.7 26.7 26.7 26.7 26.7 26.7 26.7 26.7 26.7 26.7 26.7 26.7 26.7 26.7 26.7 26.7 26.7 26.7 26.7 26.7 26.7 26.7 26.7 26.7 26.7 26.7 26.7 26.7 26.7 26.7 26.7 26.7 26.7 26.7 26.7 26.7 26.7 26.7 26.7 26.7 26.7 26.7 26.7 26.7 26.7 26.7 26.7 26.7 26.7 26.7 26.7 26.7 26.7 26.7 26.7 26.7 26.7 26.7 26.7 26.7 26.7 26.7 26.7 26.7 26.7 26.7 26.7 26.7 26.7 26.7 26.7 26.7 26.7 26.7 26.7 26.7 
33.8 33.8 33.8 33.8 33.8 33.8 33.8 33.8 33.8 33.8 33.8 33.8 33.8 33.8 33.8 33.8 33.8 33.8 33.8 33.8 33.8 33.8 33.8 33.8 33.8 33.8 33.8 33.8 33.8 33.8 33.8 33.8 33.8 33.8 33.8 33.8 33.8 33.8 33.8 33.8 33.8 33.8 33.8 33.8 33.8 33.8 33.8 33.8 33.8 33.8 33.8 33.8 33.8 33.8 33.8 33.8 33.8 33.8 33.8 33.8 33.8 33.8 33.8 33.8 33.8 33.8 33.8 33.8 33.8 33.8 33.8 33.8 33.8 33.8 33.8 33.8 33.8 33.8 33.8 33.8 33.8 33.8 33.8 33.8 33.8 33.8 33.8 33.8 33.8 33.8 33.8 33.8 33.8 33.8 33.8 33.8 33.8 33.8 33.8 33.8 33.8 33.8 33.8 33.8 33.8 33.8 33.8 33.8 33.8 33.8 33.8 33.8 33.8 33.8 33.8 33.8 33.8 33.8 33.8 33.8 
45 45 45 45 45 45 45 45 45 45 45 45 45 45 45 45 45 45 45 45 45 45 45 45 45 45 45 45 45 45 45 45 45 45 45 45 45 45 45 45 45 45 45 45 45 45 45 45 45 45 45 45 45 45 45 45 45 45 45 45 45 45 45 45 45 45 45 45 45 45 45 45 45 45 45 45 45 45 45 45 45 45 45 45 45 45 45 45 45 45 45 45 45 45 45 45 45 45 45 45 45 45 45 45 45 45 45 45 45 45 45 45 45 45 45 45 45 45 45 45 
26.2 26.2 26.2 26.2 26.2 26.2 26.2 26.2 26.2 26.2 26.2 26.2 26.2 26.2 26.2 26.2 26.2 26.2 26.2 26.2 26.2 26.2 26.2 26.2 26.2 26.2 26.2 26.2 26.2 26.2 26.2 26.2 26.2 26.2 26.2 26.2 26.2 26.2 26.2 26.2 26.2 26.2 26.2 26.2 26.2 26.2 26.2 26.2 26.2 26.2 26.2 26.2 26.2 26.2 26.2 26.2 26.2 26.2 26.2 26.2 26.2 26.2 26.2 26.2 26.2 26.2 26.2 26.2 26.2 26.2 26.2 26.2 26.2 26.2 26.2 26.2 26.2 26.2 26.2 26.2 26.2 26.2 26.2 26.2 26.2 26.2 26.2 26.2 26.2 26.2 26.2 26.2 26.2 26.2 26.2 26.2 26.2 26.2 26.2 26.2 26.2 26.2 26.2 26.2 26.2 26.2 26.2 26.2 26.2 26.2 26.2 26.2 26.2 26.2 26.2 26.2 26.2 26.2 26.2 26.2 
28.8 28.8 28.8 28.8 28.8 28.8 28.8 28.8 28.8 28.8 28.8 28.8 28.8 28.8 28.8 28.8 28.8 28.8 28.8 28.8 28.8 28.8 28.8 28.8 28.8 28.8 28.8 28.8 28.8 28.8 28.8 28.8 28.8 28.8 28.8 28.8 28.8 28.8 28.8 28.8 28.8 28.8 28.8 28.8 28.8 28.8 28.8 28.8 28.8 28.8 28.8 28.8 28.8 28.8 28.8 28.8 28.8 28.8 28.8 28.8 28.8 28.8 28.8 28.8 28.8 28.8 28.8 28.8 28.8 28.8 28.8 28.8 28.8 28.8 28.8 28.8 28.8 28.8 28.8 28.8 28.8 28.8 28.8 28.8 28.8 28.8 28.8 28.8 28.8 28.8 28.8 28.8 28.8 28.8 28.8 28.8 28.8 28.8 28.8 28.8 28.8 28.8 28.8 28.8 28.8 28.8 28.8 28.8 28.8 28.8 28.8 28.8 28.8 28.8 28.8 28.8 28.8 28.8 28.8 28.8 
42.4 42.4 42.4 42.4 42.4 42.4 42.4 42.4 42.4 42.4 42.4 42.4 42.4 42.4 42.4 42.4 42.4 42.4 42.4 42.4 42.4 42.4 42.4 42.4 42.4 42.4 42.4 42.4 42.4 42.4 42.4 42.4 42.4 42.4 42.4 42.4 42.4 42.4 42.4 42.4 42.4 42.4 42.4 42.4 42.4 42.4 42.4 42.4 42.4 42.4 42.4 42.4 42.4 42.4 42.4 42.4 42.4 42.4 42.4 42.4 42.4 42.4 42.4 42.4 42.4 42.4 42.4 42.4 42.4 42.4 42.4 42.4 42.4 42.4 42.4 42.4 42.4 42.4 42.4 42.4 42.4 42.4 42.4 42.4 42.4 42.4 42.4 42.4 42.4 42.4 42.4 42.4 42.4 42.4 42.4 42.4 42.4 42.4 42.4 42.4 42.4 42.4 42.4 42.4 42.4 42.4 42.4 42.4 42.4 42.4 42.4 42.4 42.4 42.4 42.4 42.4 42.4 42.4 42.4 42.4 
26.6 26.6 26.6 26.6 26.6 26.6 26.6 26.6 26.6 26.6 26.6 26.6 26.6 26.6 26.6 26.6 26.6 26.6 26.6 26.6 26.6 26.6 26.6 26.6 26.6 26.6 26.6 26.6 26.6 26.6 26.6 26.6 26.6 26.6 26.6 26.6 26.6 26.6 26.6 26.6 26.6 26.6 26.6 26.6 26.6 26.6 26.6 26.6 26.6 26.6 26.6 26.6 26.6 26.6 26.6 26.6 26.6 26.6 26.6 26.6 26.6 26.6 26.6 26.6 26.6 26.6 26.6 26.6 26.6 26.6 26.6 26.6 26.6 26.6 26.6 26.6 26.6 26.6 26.6 26.6 26.6 26.6 26.6 26.6 26.6 26.6 26.6 26.6 26.6 26.6 26.6 26.6 26.6 26.6 26.6 26.6 26.6 26.6 26.6 26.6 26.6 26.6 26.6 26.6 26.6 26.6 26.6 26.6 26.6 26.6 26.6 26.6 26.6 26.6 26.6 26.6 26.6 26.6 26.6 26.6 
31 31 31 31 31 31 31 31 31 31 31 31 31 31 31 31 31 31 31 31 31 31 31 31 31 31 31 31 31 31 31 31 31 31 31 31 31 31 31 31 31 31 31 31 31 31 31 31 31 31 31 31 31 31 31 31 31 31 31 31 31 31 31 31 31 31 31 31 31 31 31 31 31 31 31 31 31 31 31 31 31 31 31 31 31 31 31 31 31 31 31 31 31 31 31 31 31 31 31 31 31 31 31 31 31 31 31 31 31 31 31 31 31 31 31 31 31 31 31 31 
40.8 40.8 40.8 40.8 40.8 40.8 40.8 40.8 40.8 40.8 40.8 40.8 40.8 40.8 40.8 40.8 40.8 40.8 40.8 40.8 40.8 40.8 40.8 40.8 40.8 40.8 40.8 40.8 40.8 40.8 40.8 40.8 40.8 40.8 40.8 40.8 40.8 40.8 40.8 40.8 40.8 40.8 40.8 40.8 40.8 40.8 40.8 40.8 40.8 40.8 40.8 40.8 40.8 40.8 40.8 40.8 40.8 40.8 40.8 40.8 40.8 40.8 40.8 40.8 40.8 40.8 40.8 40.8 40.8 40.8 40.8 40.8 40.8 40.8 40.8 40.8 40.8 40.8 40.8 40.8 40.8 40.8 40.8 40.8 40.8 40.8 40.8 40.8 40.8 40.8 40.8 40.8 40.8 40.8 40.8 40.8 40.8 40.8 40.8 40.8 40.8 40.8 40.8 40.8 40.8 40.8 40.8 40.8 40.8 40.8 40.8 40.8 40.8 40.8 40.8 40.8 40.8 40.8 40.8 40.8 
29.1 29.1 29.1 29.1 29.1 29.1 29.1 29.1 29.1 29.1 29.1 29.1 29.1 29.1 29.1 29.1 29.1 29.1 29.1 29.1 29.1 29.1 29.1 29.1 29.1 29.1 29.1 29.1 29.1 29.1 29.1 29.1 29.1 29.1 29.1 29.1 29.1 29.1 29.1 29.1 29.1 29.1 29.1 29.1 29.1 29.1 29.1 29.1 29.1 29.1 29.1 29.1 29.1 29.1 29.1 29.1 29.1 29.1 29.1 29.1 29.1 29.1 29.1 29.1 29.1 29.1 29.1 29.1 29.1 29.1 29.1 29.1 29.1 29.1 29.1 29.1 29.1 29.1 29.1 29.1 29.1 29.1 29.1 29.1 29.1 29.1 29.1 29.1 29.1 29.1 29.1 29.1 29.1 29.1 29.1 29.1 29.1 29.1 29.1 29.1 29.1 29.1 29.1 29.1 29.1 29.1 29.1 29.1 29.1 29.1 29.1 29.1 29.1 29.1 29.1 29.1 29.1 29.1 29.1 29.1 
30.1 30.1 30.1 30.1 30.1 30.1 30.1 30.1 30.1 30.1 30.1 30.1 30.1 30.1 30.1 30.1 30.1 30.1 30.1 30.1 30.1 30.1 30.1 30.1 30.1 30.1 30.1 30.1 30.1 30.1 30.1 30.1 30.1 30.1 30.1 30.1 30.1 30.1 30.1 30.1 30.1 30.1 30.1 30.1 30.1 30.1 30.1 30.1 30.1 30.1 30.1 30.1 30.1 30.1 30.1 30.1 30.1 30.1 30.1 30.1 30.1 30.1 30.1 30.1 30.1 30.1 30.1 30.1 30.1 30.1 30.1 30.1 30.1 30.1 30.1 30.1 30.1 30.1 30.1 30.1 30.1 30.1 30.1 30.1 30.1 30.1 30.1 30.1 30.1 30.1 30.1 30.1 30.1 30.1 30.1 30.1 30.1 30.1 30.1 30.1 30.1 30.1 30.1 30.1 30.1 30.1 30.1 30.1 30.1 30.1 30.1 30.1 30.1 30.1 30.1 30.1 30.1 30.1 30.1 30.1 
49.3 49.3 49.3 49.3 49.3 49.3 49.3 49.3 49.3 49.3 49.3 49.3 49.3 49.3 49.3 49.3 49.3 49.3 49.3 49.3 49.3 49.3 49.3 49.3 49.3 49.3 49.3 49.3 49.3 49.3 49.3 49.3 49.3 49.3 49.3 49.3 49.3 49.3 49.3 49.3 49.3 49.3 49.3 49.3 49.3 49.3 49.3 49.3 49.3 49.3 49.3 49.3 49.3 49.3 49.3 49.3 49.3 49.3 49.3 49.3 49.3 49.3 49.3 49.3 49.3 49.3 49.3 49.3 49.3 49.3 49.3 49.3 49.3 49.3 49.3 49.3 49.3 49.3 49.3 49.3 49.3 49.3 49.3 49.3 49.3 49.3 49.3 49.3 49.3 49.3 49.3 49.3 49.3 49.3 49.3 49.3 49.3 49.3 49.3 49.3 49.3 49.3 49.3 49.3 49.3 49.3 49.3 49.3 49.3 49.3 49.3 49.3 49.3 49.3 49.3 49.3 49.3 49.3 49.3 49.3 
25.2 25.2 25.2 25.2 25.2 25.2 25.2 25.2 25.2 25.2 25.2 25.2 25.2 25.2 25.2 25.2 25.2 25.2 25.2 25.2 25.2 25.2 25.2 25.2 25.2 25.2 25.2 25.2 25.2 25.2 25.2 25.2 25.2 25.2 25.2 25.2 25.2 25.2 25.2 25.2 25.2 25.2 25.2 25.2 25.2 25.2 25.2 25.2 25.2 25.2 25.2 25.2 25.2 25.2 25.2 25.2 25.2 25.2 25.2 25.2 25.2 25.2 25.2 25.2 25.2 25.2 25.2 25.2 25.2 25.2 25.2 25.2 25.2 25.2 25.2 25.2 25.2 25.2 25.2 25.2 25.2 25.2 25.2 25.2 25.2 25.2 25.2 25.2 25.2 25.2 25.2 25.2 25.2 25.2 25.2 25.2 25.2 25.2 25.2 25.2 25.2 25.2 25.2 25.2 25.2 25.2 25.2 25.2 25.2 25.2 25.2 25.2 25.2 25.2 25.2 25.2 25.2 25.2 25.2 25.2 
25.5 25.5 25.5 25.5 25.5 25.5 25.5 25.5 25.5 25.5 25.5 25.5 25.5 25.5 25.5 25.5 25.5 25.5 25.5 25.5 25.5 25.5 25.5 25.5 25.5 25.5 25.5 25.5 25.5 25.5 25.5 25.5 25.5 25.5 25.5 25.5 25.5 25.5 25.5 25.5 25.5 25.5 25.5 25.5 25.5 25.5 25.5 25.5 25.5 25.5 25.5 25.5 25.5 25.5 25.5 25.5 25.5 25.5 25.5 25.5 25.5 25.5 25.5 25.5 25.5 25.5 25.5 25.5 25.5 25.5 25.5 25.5 25.5 25.5 25.5 25.5 25.5 25.5 25.5 25.5 25.5 25.5 25.5 25.5 25.5 25.5 25.5 25.5 25.5 25.5 25.5 25.5 25.5 25.5 25.5 25.5 25.5 25.5 25.5 25.5 25.5 25.5 25.5 25.5 25.5 25.5 25.5 25.5 25.5 25.5 25.5 25.5 25.5 25.5 25.5 25.5 25.5 25.5 25.5 25.5 
37.2 37.2 37.2 37.2 37.2 37.2 37.2 37.2 37.2 37.2 37.2 37.2 37.2 37.2 37.2 37.2 37.2 37.2 37.2 37.2 37.2 37.2 37.2 37.2 37.2 37.2 37.2 37.2 37.2 37.2 37.2 37.2 37.2 37.2 37.2 37.2 37.2 37.2 37.2 37.2 37.2 37.2 37.2 37.2 37.2 37.2 37.2 37.2 37.2 37.2 37.2 37.2 37.2 37.2 37.2 37.2 37.2 37.2 37.2 37.2 37.2 37.2 37.2 37.2 37.2 37.2 37.2 37.2 37.2 37.2 37.2 37.2 37.2 37.2 37.2 37.2 37.2 37.2 37.2 37.2 37.2 37.2 37.2 37.2 37.2 37.2 37.2 37.2 37.2 37.2 37.2 37.2 37.2 37.2 37.2 37.2 37.2 37.2 37.2 37.2 37.2 37.2 37.2 37.2 37.2 37.2 37.2 37.2 37.2 37.2 37.2 37.2 37.2 37.2 37.2 37.2 37.2 37.2 37.2 37.2 
30.8 30.8 30.8 30.8 30.8 30.8 30.8 30.8 30.8 30.8 30.8 30.8 30.8 30.8 30.8 30.8 30.8 30.8 30.8 30.8 30.8 30.8 30.8 30.8 30.8 30.8 30.8 30.8 30.8 30.8 30.8 30.8 30.8 30.8 30.8 30.8 30.8 30.8 30.8 30.8 30.8 30.8 30.8 30.8 30.8 30.8 30.8 30.8 30.8 30.8 30.8 30.8 30.8 30.8 30.8 30.8 30.8 30.8 30.8 30.8 30.8 30.8 30.8 30.8 30.8 30.8 30.8 30.8 30.8 30.8 30.8 30.8 30.8 30.8 30.8 30.8 30.8 30.8 30.8 30.8 30.8 30.8 30.8 30.8 30.8 30.8 30.8 30.8 30.8 30.8 30.8 30.8 30.8 30.8 30.8 30.8 30.8 30.8 30.8 30.8 30.8 30.8 30.8 30.8 30.8 30.8 30.8 30.8 30.8 30.8 30.8 30.8 30.8 30.8 30.8 30.8 30.8 30.8 30.8 30.8 
32 32 32 32 32 32 32 32 32 32 32 32 32 32 32 32 32 32 32 32 32 32 32 32 32 32 32 32 32 32 32 32 32 32 32 32 32 32 32 32 32 32 32 32 32 32 32 32 32 32 32 32 32 32 32 32 32 32 32 32 32 32 32 32 32 32 32 32 32 32 32 32 32 32 32 32 32 32 32 32 32 32 32 32 32 32 32 32 32 32 32 32 32 32 32 32 32 32 32 32 32 32 32 32 32 32 32 32 32 32 32 32 32 32 32 32 32 32 32 32 
39.3 39.3 39.3 39.3 39.3 39.3 39.3 39.3 39.3 39.3 39.3 39.3 39.3 39.3 39.3 39.3 39.3 39.3 39.3 39.3 39.3 39.3 39.3 39.3 39.3 39.3 39.3 39.3 39.3 39.3 39.3 39.3 39.3 39.3 39.3 39.3 39.3 39.3 39.3 39.3 39.3 39.3 39.3 39.3 39.3 39.3 39.3 39.3 39.3 39.3 39.3 39.3 39.3 39.3 39.3 39.3 39.3 39.3 39.3 39.3 39.3 39.3 39.3 39.3 39.3 39.3 39.3 39.3 39.3 39.3 39.3 39.3 39.3 39.3 39.3 39.3 39.3 39.3 39.3 39.3 39.3 39.3 39.3 39.3 39.3 39.3 39.3 39.3 39.3 39.3 39.3 39.3 39.3 39.3 39.3 39.3 39.3 39.3 39.3 39.3 39.3 39.3 39.3 39.3 39.3 39.3 39.3 39.3 39.3 39.3 39.3 39.3 39.3 39.3 39.3 39.3 39.3 39.3 39.3 39.3 
26.3 26.3 26.3 26.3 26.3 26.3 26.3 26.3 26.3 26.3 26.3 26.3 26.3 26.3 26.3 26.3 26.3 26.3 26.3 26.3 26.3 26.3 26.3 26.3 26.3 26.3 26.3 26.3 26.3 26.3 26.3 26.3 26.3 26.3 26.3 26.3 26.3 26.3 26.3 26.3 26.3 26.3 26.3 26.3 26.3 26.3 26.3 26.3 26.3 26.3 26.3 26.3 26.3 26.3 26.3 26.3 26.3 26.3 26.3 26.3 26.3 26.3 26.3 26.3 26.3 26.3 26.3 26.3 26.3 26.3 26.3 26.3 26.3 26.3 26.3 26.3 26.3 26.3 26.3 26.3 26.3 26.3 26.3 26.3 26.3 26.3 26.3 26.3 26.3 26.3 26.3 26.3 26.3 26.3 26.3 26.3 26.3 26.3 26.3 26.3 26.3 26.3 26.3 26.3 26.3 26.3 26.3 26.3 26.3 26.3 26.3 26.3 26.3 26.3 26.3 26.3 26.3 26.3 26.3 26.3 
34.4 34.4 34.4 34.4 34.4 34.4 34.4 34.4 34.4 34.4 34.4 34.4 34.4 34.4 34.4 34.4 34.4 34.4 34.4 34.4 34.4 34.4 34.4 34.4 34.4 34.4 34.4 34.4 34.4 34.4 34.4 34.4 34.4 34.4 34.4 34.4 34.4 34.4 34.4 34.4 34.4 34.4 34.4 34.4 34.4 34.4 34.4 34.4 34.4 34.4 34.4 34.4 34.4 34.4 34.4 34.4 34.4 34.4 34.4 34.4 34.4 34.4 34.4 34.4 34.4 34.4 34.4 34.4 34.4 34.4 34.4 34.4 34.4 34.4 34.4 34.4 34.4 34.4 34.4 34.4 34.4 34.4 34.4 34.4 34.4 34.4 34.4 34.4 34.4 34.4 34.4 34.4 34.4 34.4 34.4 34.4 34.4 34.4 34.4 34.4 34.4 34.4 34.4 34.4 34.4 34.4 34.4 34.4 34.4 34.4 34.4 34.4 34.4 34.4 34.4 34.4 34.4 34.4 34.4 34.4 
48.5 48.5 48.5 48.5 48.5 48.5 48.5 48.5 48.5 48.5 48.5 48.5 48.5 48.5 48.5 48.5 48.5 48.5 48.5 48.5 48.5 48.5 48.5 48.5 48.5 48.5 48.5 48.5 48.5 48.5 48.5 48.5 48.5 48.5 48.5 48.5 48.5 48.5 48.5 48.5 48.5 48.5 48.5 48.5 48.5 48.5 48.5 48.5 48.5 48.5 48.5 48.5 48.5 48.5 48.5 48.5 48.5 48.5 48.5 48.5 48.5 48.5 48.5 48.5 48.5 48.5 48.5 48.5 48.5 48.5 48.5 48.5 48.5 48.5 48.5 48.5 48.5 48.5 48.5 48.5 48.5 48.5 48.5 48.5 48.5 48.5 48.5 48.5 48.5 48.5 48.5 48.5 48.5 48.5 48.5 48.5 48.5 48.5 48.5 48.5 48.5 48.5 48.5 48.5 48.5 48.5 48.5 48.5 48.5 48.5 48.5 48.5 48.5 48.5 48.5 48.5 48.5 48.5 48.5 48.5 
25.1 25.1 25.1 25.1 25.1 25.1 25.1 25.1 25.1 25.1 25.1 25.1 25.1 25.1 25.1 25.1 25.1 25.1 25.1 25.1 25.1 25.1 25.1 25.1 25.1 25.1 25.1 25.1 25.1 25.1 25.1 25.1 25.1 25.1 25.1 25.1 25.1 25.1 25.1 25.1 25.1 25.1 25.1 25.1 25.1 25.1 25.1 25.1 25.1 25.1 25.1 25.1 25.1 25.1 25.1 25.1 25.1 25.1 25.1 25.1 25.1 25.1 25.1 25.1 25.1 25.1 25.1 25.1 25.1 25.1 25.1 25.1 25.1 25.1 25.1 25.1 25.1 25.1 25.1 25.1 25.1 25.1 25.1 25.1 25.1 25.1 25.1 25.1 25.1 25.1 25.1 25.1 25.1 25.1 25.1 25.1 25.1 25.1 25.1 25.1 25.1 25.1 25.1 25.1 25.1 25.1 25.1 25.1 25.1 25.1 25.1 25.1 25.1 25.1 25.1 25.1 25.1 25.1 25.1 25.1 
26.4 26.4 26.4 26.4 26.4 26.4 26.4 26.4 26.4 26.4 26.4 26.4 26.4 26.4 26.4 26.4 26.4 26.4 26.4 26.4 26.4 26.4 26.4 26.4 26.4 26.4 26.4 26.4 26.4 26.4 26.4 26.4 26.4 26.4 26.4 26.4 26.4 26.4 26.4 26.4 26.4 26.4 26.4 26.4 26.4 26.4 26.4 26.4 26.4 26.4 26.4 26.4 26.4 26.4 26.4 26.4 26.4 26.4 26.4 26.4 26.4 26.4 26.4 26.4 26.4 26.4 26.4 26.4 26.4 26.4 26.4 26.4 26.4 26.4 26.4 26.4 26.4 26.4 26.4 26.4 26.4 26.4 26.4 26.4 26.4 26.4 26.4 26.4 26.4 26.4 26.4 26.4 26.4 26.4 26.4 26.4 26.4 26.4 26.4 26.4 26.4 26.4 26.4 26.4 26.4 26.4 26.4 26.4 26.4 26.4 26.4 26.4 26.4 26.4 26.4 26.4 26.4 26.4 26.4 26.4 
40 40 40 40 40 40 40 40 40 40 40 40 40 40 40 40 40 40 40 40 40 40 40 40 40 40 40 40 40 40 40 40 40 40 40 40 40 40 40 40 40 40 40 40 40 40 40 40 40 40 40 40 40 40 40 40 40 40 40 40 40 40 40 40 40 40 40 40 40 40 40 40 40 40 40 40 40 40 40 40 40 40 40 40 40 40 40 40 40 40 40 40 40 40 40 40 40 40 40 40 40 40 40 40 40 40 40 40 40 40 40 40 40 40 40 40 40 40 40 40 
29.5 29.5 29.5 29.5 29.5 29.5 29.5 29.5 29.5 29.5 29.5 29.5 29.5 29.5 29.5 29.5 29.5 29.5 29.5 29.5 29.5 29.5 29.5 29.5 29.5 29.5 29.5 29.5 29.5 29.5 29.5 29.5 29.5 29.5 29.5 29.5 29.5 29.5 29.5 29.5 29.5 29.5 29.5 29.5 29.5 29.5 29.5 29.5 29.5 29.5 29.5 29.5 29.5 29.5 29.5 29.5 29.5 29.5 29.5 29.5 29.5 29.5 29.5 29.5 29.5 29.5 29.5 29.5 29.5 29.5 29.5 29.5 29.5 29.5 29.5 29.5 29.5 29.5 29.5 29.5 29.5 29.5 29.5 29.5 29.5 29.5 29.5 29.5 29.5 29.5 29.5 29.5 29.5 29.5 29.5 29.5 29.5 29.5 29.5 29.5 29.5 29.5 29.5 29.5 29.5 29.5 29.5 29.5 29.5 29.5 29.5 29.5 29.5 29.5 29.5 29.5 29.5 29.5 29.5 29.5 
30.5 30.5 30.5 30.5 30.5 30.5 30.5 30.5 30.5 30.5 30.5 30.5 30.5 30.5 30.5 30.5 30.5 30.5 30.5 30.5 30.5 30.5 30.5 30.5 30.5 30.5 30.5 30.5 30.5 30.5 30.5 30.5 30.5 30.5 30.5 30.5 30.5 30.5 30.5 30.5 30.5 30.5 30.5 30.5 30.5 30.5 30.5 30.5 30.5 30.5 30.5 30.5 30.5 30.5 30.5 30.5 30.5 30.5 30.5 30.5 30.5 30.5 30.5 30.5 30.5 30.5 30.5 30.5 30.5 30.5 30.5 30.5 30.5 30.5 30.5 30.5 30.5 30.5 30.5 30.5 30.5 30.5 30.5 30.5 30.5 30.5 30.5 30.5 30.5 30.5 30.5 30.5 30.5 30.5 30.5 30.5 30.5 30.5 30.5 30.5 30.5 30.5 30.5 30.5 30.5 30.5 30.5 30.5 30.5 30.5 30.5 30.5 30.5 30.5 30.5 30.5 30.5 30.5 30.5 30.5 
42.9 42.9 42.9 42.9 42.9 42.9 42.9 42.9 42.9 42.9 42.9 42.9 42.9 42.9 42.9 42.9 42.9 42.9 42.9 42.9 42.9 42.9 42.9 42.9 42.9 42.9 42.9 42.9 42.9 42.9 42.9 42.9 42.9 42.9 42.9 42.9 42.9 42.9 42.9 42.9 42.9 42.9 42.9 42.9 42.9 42.9 42.9 42.9 42.9 42.9 42.9 42.9 42.9 42.9 42.9 42.9 42.9 42.9 42.9 42.9 42.9 42.9 42.9 42.9 42.9 42.9 42.9 42.9 42.9 42.9 42.9 42.9 42.9 42.9 42.9 42.9 42.9 42.9 42.9 42.9 42.9 42.9 42.9 42.9 42.9 42.9 42.9 42.9 42.9 42.9 42.9 42.9 42.9 42.9 42.9 42.9 42.9 42.9 42.9 42.9 42.9 42.9 42.9 42.9 42.9 42.9 42.9 42.9 42.9 42.9 42.9 42.9 42.9 42.9 42.9 42.9 42.9 42.9 42.9 42.9 
27.5 27.5 27.5 27.5 27.5 27.5 27.5 27.5 27.5 27.5 27.5 27.5 27.5 27.5 27.5 27.5 27.5 27.5 27.5 27.5 27.5 27.5 27.5 27.5 27.5 27.5 27.5 27.5 27.5 27.5 27.5 27.5 27.5 27.5 27.5 27.5 27.5 27.5 27.5 27.5 27.5 27.5 27.5 27.5 27.5 27.5 27.5 27.5 27.5 27.5 27.5 27.5 27.5 27.5 27.5 27.5 27.5 27.5 27.5 27.5 27.5 27.5 27.5 27.5 27.5 27.5 27.5 27.5 27.5 27.5 27.5 27.5 27.5 27.5 27.5 27.5 27.5 27.5 27.5 27.5 27.5 27.5 27.5 27.5 27.5 27.5 27.5 27.5 27.5 27.5 27.5 27.5 27.5 27.5 27.5 27.5 27.5 27.5 27.5 27.5 27.5 27.5 27.5 27.5 27.5 27.5 27.5 27.5 27.5 27.5 27.5 27.5 27.5 27.5 27.5 27.5 27.5 27.5 27.5 27.5 
29.6 29.6 29.6 29.6 29.6 29.6 29.6 29.6 29.6 29.6 29.6 29.6 29.6 29.6 29.6 29.6 29.6 29.6 29.6 29.6 29.6 29.6 29.6 29.6 29.6 29.6 29.6 29.6 29.6 29.6 29.6 29.6 29.6 29.6 29.6 29.6 29.6 29.6 29.6 29.6 29.6 29.6 29.6 29.6 29.6 29.6 29.6 29.6 29.6 29.6 29.6 29.6 29.6 29.6 29.6 29.6 29.6 29.6 29.6 29.6 29.6 29.6 29.6 29.6 29.6 29.6 29.6 29.6 29.6 29.6 29.6 29.6 29.6 29.6 29.6 29.6 29.6 29.6 29.6 29.6 29.6 29.6 29.6 29.6 29.6 29.6 29.6 29.6 29.6 29.6 29.6 29.6 29.6 29.6 29.6 29.6 29.6 29.6 29.6 29.6 29.6 29.6 29.6 29.6 29.6 29.6 29.6 29.6 29.6 29.6 29.6 29.6 29.6 29.6 29.6 29.6 29.6 29.6 29.6 29.6 
46.5 46.5 46.5 46.5 46.5 46.5 46.5 46.5 46.5 46.5 46.5 46.5 46.5 46.5 46.5 46.5 46.5 46.5 46.5 46.5 46.5 46.5 46.5 46.5 46.5 46.5 46.5 46.5 46.5 46.5 46.5 46.5 46.5 46.5 46.5 46.5 46.5 46.5 46.5 46.5 46.5 46.5 46.5 46.5 46.5 46.5 46.5 46.5 46.5 46.5 46.5 46.5 46.5 46.5 46.5 46.5 46.5 46.5 46.5 46.5 46.5 46.5 46.5 46.5 46.5 46.5 46.5 46.5 46.5 46.5 46.5 46.5 46.5 46.5 46.5 46.5 46.5 46.5 46.5 46.5 46.5 46.5 46.5 46.5 46.5 46.5 46.5 46.5 46.5 46.5 46.5 46.5 46.5 46.5 46.5 46.5 46.5 46.5 46.5 46.5 46.5 46.5 46.5 46.5 46.5 46.5 46.5 46.5 46.5 46.5 46.5 46.5 46.5 46.5 46.5 46.5 46.5 46.5 46.5 46.5 
26.2 26.2 26.2 26.2 26.2 26.2 26.2 26.2 26.2 26.2 26.2 26.2 26.2 26.2 26.2 26.2 26.2 26.2 26.2 26.2 26.2 26.2 26.2 26.2 26.2 26.2 26.2 26.2 26.2 26.2 26.2 26.2 26.2 26.2 26.2 26.2 26.2 26.2 26.2 26.2 26.2 26.2 26.2 26.2 26.2 26.2 26.2 26.2 26.2 26.2 26.2 26.2 26.2 26.2 26.2 26.2 26.2 26.2 26.2 26.2 26.2 26.2 26.2 26.2 26.2 26.2 26.2 26.2 26.2 26.2 26.2 26.2 26.2 26.2 26.2 26.2 26.2 26.2 26.2 26.2 26.2 26.2 26.2 26.2 26.2 26.2 26.2 26.2 26.2 26.2 26.2 26.2 26.2 26.2 26.2 26.2 26.2 26.2 26.2 26.2 26.2 26.2 26.2 26.2 26.2 26.2 26.2 26.2 26.2 26.2 26.2 26.2 26.2 26.2 26.2 26.2 26.2 26.2 26.2 26.2 
27.3 27.3 27.3 27.3 27.3 27.3 27.3 27.3 27.3 27.3 27.3 27.3 27.3 27.3 27.3 27.3 27.3 27.3 27.3 27.3 27.3 27.3 27.3 27.3 27.3 27.3 27.3 27.3 27.3 27.3 27.3 27.3 27.3 27.3 27.3 27.3 27.3 27.3 27.3 27.3 27.3 27.3 27.3 27.3 27.3 27.3 27.3 27.3 27.3 27.3 27.3 27.3 27.3 27.3 27.3 27.3 27.3 27.3 27.3 27.3 27.3 27.3 27.3 27.3 27.3 27.3 27.3 27.3 27.3 27.3 27.3 27.3 27.3 27.3 27.3 27.3 27.3 27.3 27.3 27.3 27.3 27.3 27.3 27.3 27.3 27.3 27.3 27.3 27.3 27.3 27.3 27.3 27.3 27.3 27.3 27.3 27.3 27.3 27.3 27.3 27.3 27.3 27.3 27.3 27.3 27.3 27.3 27.3 27.3 27.3 27.3 27.3 27.3 27.3 27.3 27.3 27.3 27.3 27.3 27.3 
37.8 37.8 37.8 37.8 37.8 37.8 37.8 37.8 37.8 37.8 37.8 37.8 37.8 37.8 37.8 37.8 37.8 37.8 37.8 37.8 37.8 37.8 37.8 37.8 37.8 37.8 37.8 37.8 37.8 37.8 37.8 37.8 37.8 37.8 37.8 37.8 37.8 37.8 37.8 37.8 37.8 37.8 37.8 37.8 37.8 37.8 37.8 37.8 37.8 37.8 37.8 37.8 37.8 37.8 37.8 37.8 37.8 37.8 37.8 37.8 37.8 37.8 37.8 37.8 37.8 37.8 37.8 37.8 37.8 37.8 37.8 37.8 37.8 37.8 37.8 37.8 37.8 37.8 37.8 37.8 37.8 37.8 37.8 37.8 37.8 37.8 37.8 37.8 37.8 37.8 37.8 37.8 37.8 37.8 37.8 37.8 37.8 37.8 37.8 37.8 37.8 37.8 37.8 37.8 37.8 37.8 37.8 37.8 37.8 37.8 37.8 37.8 37.8 37.8 37.8 37.8 37.8 37.8 37.8 37.8 
26.1 26.1 26.1 26.1 26.1 26.1 26.1 26.1 26.1 26.1 26.1 26.1 26.1 26.1 26.1 26.1 26.1 26.1 26.1 26.1 26.1 26.1 26.1 26.1 26.1 26.1 26.1 26.1 26.1 26.1 26.1 26.1 26.1 26.1 26.1 26.1 26.1 26.1 26.1 26.1 26.1 26.1 26.1 26.1 26.1 26.1 26.1 26.1 26.1 26.1 26.1 26.1 26.1 26.1 26.1 26.1 26.1 26.1 26.1 26.1 26.1 26.1 26.1 26.1 26.1 26.1 26.1 26.1 26.1 26.1 26.1 26.1 26.1 26.1 26.1 26.1 26.1 26.1 26.1 26.1 26.1 26.1 26.1 26.1 26.1 26.1 26.1 26.1 26.1 26.1 26.1 26.1 26.1 26.1 26.1 26.1 26.1 26.1 26.1 26.1 26.1 26.1 26.1 26.1 26.1 26.1 26.1 26.1 26.1 26.1 26.1 26.1 26.1 26.1 26.1 26.1 26.1 26.1 26.1 26.1 
36.1 36.1 36.1 36.1 36.1 36.1 36.1 36.1 36.1 36.1 36.1 36.1 36.1 36.1 36.1 36.1 36.1 36.1 36.1 36.1 36.1 36.1 36.1 36.1 36.1 36.1 36.1 36.1 36.1 36.1 36.1 36.1 36.1 36.1 36.1 36.1 36.1 36.1 36.1 36.1 36.1 36.1 36.1 36.1 36.1 36.1 36.1 36.1 36.1 36.1 36.1 36.1 36.1 36.1 36.1 36.1 36.1 36.1 36.1 36.1 36.1 36.1 36.1 36.1 36.1 36.1 36.1 36.1 36.1 36.1 36.1 36.1 36.1 36.1 36.1 36.1 36.1 36.1 36.1 36.1 36.1 36.1 36.1 36.1 36.1 36.1 36.1 36.1 36.1 36.1 36.1 36.1 36.1 36.1 36.1 36.1 36.1 36.1 36.1 36.1 36.1 36.1 36.1 36.1 36.1 36.1 36.1 36.1 36.1 36.1 36.1 36.1 36.1 36.1 36.1 36.1 36.1 36.1 36.1 36.1 
49.1 49.1 49.1 49.1 49.1 49.1 49.1 49.1 49.1 49.1 49.1 49.1 49.1 49.1 49.1 49.1 49.1 49.1 49.1 49.1 49.1 49.1 49.1 49.1 49.1 49.1 49.1 49.1 49.1 49.1 49.1 49.1 49.1 49.1 49.1 49.1 49.1 49.1 49.1 49.1 49.1 49.1 49.1 49.1 49.1 49.1 49.1 49.1 49.1 49.1 49.1 49.1 49.1 49.1 49.1 49.1 49.1 49.1 49.1 49.1 49.1 49.1 49.1 49.1 49.1 49.1 49.1 49.1 49.1 49.1 49.1 49.1 49.1 49.1 49.1 49.1 49.1 49.1 49.1 49.1 49.1 49.1 49.1 49.1 49.1 49.1 49.1 49.1 49.1 49.1 49.1 49.1 49.1 49.1 49.1 49.1 49.1 49.1 49.1 49.1 49.1 49.1 49.1 49.1 49.1 49.1 49.1 49.1 49.1 49.1 49.1 49.1 49.1 49.1 49.1 49.1 49.1 49.1 49.1 49.1 
25.1 25.1 25.1 25.1 25.1 25.1 25.1 25.1 25.1 25.1 25.1 25.1 25.1 25.1 25.1 25.1 25.1 25.1 25.1 25.1 25.1 25.1 25.1 25.1 25.1 25.1 25.1 25.1 25.1 25.1 25.1 25.1 25.1 25.1 25.1 25.1 25.1 25.1 25.1 25.1 25.1 25.1 25.1 25.1 25.1 25.1 25.1 25.1 25.1 25.1 25.1 25.1 25.1 25.1 25.1 25.1 25.1 25.1 25.1 25.1 25.1 25.1 25.1 25.1 25.1 25.1 25.1 25.1 25.1 25.1 25.1 25.1 25.1 25.1 25.1 25.1 25.1 25.1 25.1 25.1 25.1 25.1 25.1 25.1 25.1 25.1 25.1 25.1 25.1 25.1 25.1 25.1 25.1 25.1 25.1 25.1 25.1 25.1 25.1 25.1 25.1 25.1 25.1 25.1 25.1 25.1 25.1 25.1 25.1 25.1 25.1 25.1 25.1 25.1 25.1 25.1 25.1 25.1 25.1 25.1 
25.8 25.8 25.8 25.8 25.8 25.8 25.8 25.8 25.8 25.8 25.8 25.8 25.8 25.8 25.8 25.8 25.8 25.8 25.8 25.8 25.8 25.8 25.8 25.8 25.8 25.8 25.8 25.8 25.8 25.8 25.8 25.8 25.8 25.8 25.8 25.8 25.8 25.8 25.8 25.8 25.8 25.8 25.8 25.8 25.8 25.8 25.8 25.8 25.8 25.8 25.8 25.8 25.8 25.8 25.8 25.8 25.8 25.8 25.8 25.8 25.8 25.8 25.8 25.8 25.8 25.8 25.8 25.8 25.8 25.8 25.8 25.8 25.8 25.8 25.8 25.8 25.8 25.8 25.8 25.8 25.8 25.8 25.8 25.8 25.8 25.8 25.8 25.8 25.8 25.8 25.8 25.8 25.8 25.8 25.8 25.8 25.8 25.8 25.8 25.8 25.8 25.8 25.8 25.8 25.8 25.8 25.8 25.8 25.8 25.8 25.8 25.8 25.8 25.8 25.8 25.8 25.8 25.8 25.8 25.8 
