60 60 100 20
35.1 35.1 35.1 35.1 35.1 35.1 35.1 35.1 35.1 35.1 35.1 35.1 35.1 35.1 35.1 35.1 35.1 35.1 35.1 35.1 35.1 35.1 35.1 35.1 35.1 35.1 35.1 35.1 35.1 35.1 35.1 35.1 35.1 35.1 35.1 35.1 35.1 35.1 35.1 35.1 35.1 35.1 35.1 35.1 35.1 35.1 35.1 35.1 35.1 35.1 35.1 35.1 35.1 35.1 35.1 35.1 35.1 35.1 35.1 35.1 
25.8 25.8 25.8 25.8 25.8 25.8 25.8 25.8 25.8 25.8 25.8 25.8 25.8 25.8 25.8 25.8 25.8 25.8 25.8 25.8 25.8 25.8 25.8 25.8 25.8 25.8 25.8 25.8 25.8 25.8 25.8 25.8 25.8 25.8 25.8 25.8 25.8 25.8 25.8 25.8 25.8 25.8 25.8 25.8 25.8 25.8 25.8 25.8 25.8 25.8 25.8 25.8 25.8 25.8 25.8 25.8 25.8 25.8 25.8 25.8 
39.1 39.1 39.1 39.1 39.1 39.1 39.1 39.1 39.1 39.1 39.1 39.1 39.1 39.1 39.1 39.1 39.1 39.1 39.1 39.1 39.1 39.1 39.1 39.1 39.1 39.1 39.1 39.1 39.1 39.1 39.1 39.1 39.1 39.1 39.1 39.1 39.1 39.1 39.1 39.1 39.1 39.1 39.1 39.1 39.1 39.1 39.1 39.1 39.1 39.1 39.1 39.1 39.1 39.1 39.1 39.1 39.1 39.1 39.1 39.1 
35.9 35.9 35.9 35.9 35.9 35.9 35.9 35.9 35.9 35.9 35.9 35.9 35.9 35.9 35.9 35.9 35.9 35.9 35.9 35.9 35.9 35.9 35.9 35.9 35.9 35.9 35.9 35.9 35.9 35.9 35.9 35.9 35.9 35.9 35.9 35.9 35.9 35.9 35.9 35.9 35.9 35.9 35.9 35.9 35.9 35.9 35.9 35.9 35.9 35.9 35.9 35.9 35.9 35.9 35.9 35.9 35.9 35.9 35.9 35.9 
25.9 25.9 25.9 25.9 25.9 25.9 25.9 25.9 25.9 25.9 25.9 25.9 25.9 25.9 25.9 25.9 25.9 25.9 25.9 25.9 25.9 25.9 25.9 25.9 25.9 25.9 25.9 25.9 25.9 25.9 25.9 25.9 25.9 25.9 25.9 25.9 25.9 25.9 25.9 25.9 25.9 25.9 25.9 25.9 25.9 25.9 25.9 25.9 25.9 25.9 25.9 25.9 25.9 25.9 25.9 25.9 25.9 25.9 25.9 25.9 
38.2 38.2 38.2 38.2 38.2 38.2 38.2 38.2 38.2 38.2 38.2 38.2 38.2 38.2 38.2 38.2 38.2 38.2 38.2 38.2 38.2 38.2 38.2 38.2 38.2 38.2 38.2 38.2 38.2 38.2 38.2 38.2 38.2 38.2 38.2 38.2 38.2 38.2 38.2 38.2 38.2 38.2 38.2 38.2 38.2 38.2 38.2 38.2 38.2 38.2 38.2 38.2 38.2 38.2 38.2 38.2 38.2 38.2 38.2 38.2 
37.6 37.6 37.6 37.6 37.6 37.6 37.6 37.6 37.6 37.6 37.6 37.6 37.6 37.6 37.6 37.6 37.6 37.6 37.6 37.6 37.6 37.6 37.6 37.6 37.6 37.6 37.6 37.6 37.6 37.6 37.6 37.6 37.6 37.6 37.6 37.6 37.6 37.6 37.6 37.6 37.6 37.6 37.6 37.6 37.6 37.6 37.6 37.6 37.6 37.6 37.6 37.6 37.6 37.6 37.6 37.6 37.6 37.6 37.6 37.6 
30.8 30.8 30.8 30.8 30.8 30.8 30.8 30.8 30.8 30.8 30.8 30.8 30.8 30.8 30.8 30.8 30.8 30.8 30.8 30.8 30.8 30.8 30.8 30.8 30.8 30.8 30.8 30.8 30.8 30.8 30.8 30.8 30.8 30.8 30.8 30.8 30.8 30.8 30.8 30.8 30.8 30.8 30.8 30.8 30.8 30.8 30.8 30.8 30.8 30.8 30.8 30.8 30.8 30.8 30.8 30.8 30.8 30.8 30.8 30.8 
31.6 31.6 31.6 31.6 31.6 31.6 31.6 31.6 31.6 31.6 31.6 31.6 31.6 31.6 31.6 31.6 31.6 31.6 31.6 31.6 31.6 31.6 31.6 31.6 31.6 31.6 31.6 31.6 31.6 31.6 31.6 31.6 31.6 31.6 31.6 31.6 31.6 31.6 31.6 31.6 31.6 31.6 31.6 31.6 31.6 31.6 31.6 31.6 31.6 31.6 31.6 31.6 31.6 31.6 31.6 31.6 31.6 31.6 31.6 31.6 
44.5 44.5 44.5 44.5 44.5 44.5 44.5 44.5 44.5 44.5 44.5 44.5 44.5 44.5 44.5 44.5 44.5 44.5 44.5 44.5 44.5 44.5 44.5 44.5 44.5 44.5 44.5 44.5 44.5 44.5 44.5 44.5 44.5 44.5 44.5 44.5 44.5 44.5 44.5 44.5 44.5 44.5 44.5 44.5 44.5 44.5 44.5 44.5 44.5 44.5 44.5 44.5 44.5 44.5 44.5 44.5 44.5 44.5 44.5 44.5 
27.5 27.5 27.5 27.5 27.5 27.5 27.5 27.5 27.5 27.5 27.5 27.5 27.5 27.5 27.5 27.5 27.5 27.5 27.5 27.5 27.5 27.5 27.5 27.5 27.5 27.5 27.5 27.5 27.5 27.5 27.5 27.5 27.5 27.5 27.5 27.5 27.5 27.5 27.5 27.5 27.5 27.5 27.5 27.5 27.5 27.5 27.5 27.5 27.5 27.5 27.5 27.5 27.5 27.5 27.5 27.5 27.5 27.5 27.5 27.5 
28 28 28 28 28 28 28 28 28 28 28 28 28 28 28 28 28 28 28 28 28 28 28 28 28 28 28 28 28 28 28 28 28 28 28 28 28 28 28 28 28 28 28 28 28 28 28 28 28 28 28 28 28 28 28 28 28 28 28 28 
42.6 42.6 42.6 42.6 42.6 42.6 42.6 42.6 42.6 42.6 42.6 42.6 42.6 42.6 42.6 42.6 42.6 42.6 42.6 42.6 42.6 42.6 42.6 42.6 42.6 42.6 42.6 42.6 42.6 42.6 42.6 42.6 42.6 42.6 42.6 42.6 42.6 42.6 42.6 42.6 42.6 42.6 42.6 42.6 42.6 42.6 42.6 42.6 42.6 42.6 42.6 42.6 42.6 42.6 42.6 42.6 42.6 42.6 42.6 42.6 
27.6 27.6 27.6 27.6 27.6 27.6 27.6 27.6 27.6 27.6 27.6 27.6 27.6 27.6 27.6 27.6 27.6 27.6 27.6 27.6 27.6 27.6 27.6 27.6 27.6 27.6 27.6 27.6 27.6 27.6 27.6 27.6 27.6 27.6 27.6 27.6 27.6 27.6 27.6 27.6 27.6 27.6 27.6 27.6 27.6 27.6 27.6 27.6 27.6 27.6 27.6 27.6 27.6 27.6 27.6 27.6 27.6 27.6 27.6 27.6 
29.8 29.8 29.8 29.8 29.8 29.8 29.8 29.8 29.8 29.8 29.8 29.8 29.8 29.8 29.8 29.8 29.8 29.8 29.8 29.8 29.8 29.8 29.8 29.8 29.8 29.8 29.8 29.8 29.8 29.8 29.8 29.8 29.8 29.8 29.8 29.8 29.8 29.8 29.8 29.8 29.8 29.8 29.8 29.8 29.8 29.8 29.8 29.8 29.8 29.8 29.8 29.8 29.8 29.8 29.8 29.8 29.8 29.8 29.8 29.8 
46.8 46.8 46.8 46.8 46.8 46.8 46.8 46.8 46.8 46.8 46.8 46.8 46.8 46.8 46.8 46.8 46.8 46.8 46.8 46.8 46.8 46.8 46.8 46.8 46.8 46.8 46.8 46.8 46.8 46.8 46.8 46.8 46.8 46.8 46.8 46.8 46.8 46.8 46.8 46.8 46.8 46.8 46.8 46.8 46.8 46.8 46.8 46.8 46.8 46.8 46.8 46.8 46.8 46.8 46.8 46.8 46.8 46.8 46.8 46.8 
25.9 25.9 25.9 25.9 25.9 25.9 25.9 25.9 25.9 25.9 25.9 25.9 25.9 25.9 25.9 25.9 25.9 25.9 25.9 25.9 25.9 25.9 25.9 25.9 25.9 25.9 25.9 25.9 25.9 25.9 25.9 25.9 25.9 25.9 25.9 25.9 25.9 25.9 25.9 25.9 25.9 25.9 25.9 25.9 25.9 25.9 25.9 25.9 25.9 25.9 25.9 25.9 25.9 25.9 25.9 25.9 25.9 25.9 25.9 25.9 
27.3 27.3 27.3 27.3 27.3 27.3 27.3 27.3 27.3 27.3 27.3 27.3 27.3 27.3 27.3 27.3 27.3 27.3 27.3 27.3 27.3 27.3 27.3 27.3 27.3 27.3 27.3 27.3 27.3 27.3 27.3 27.3 27.3 27.3 27.3 27.3 27.3 27.3 27.3 27.3 27.3 27.3 27.3 27.3 27.3 27.3 27.3 27.3 27.3 27.3 27.3 27.3 27.3 27.3 27.3 27.3 27.3 27.3 27.3 27.3 
45.3 45.3 45.3 45.3 45.3 45.3 45.3 45.3 45.3 45.3 45.3 45.3 45.3 45.3 45.3 45.3 45.3 45.3 45.3 45.3 45.3 45.3 45.3 45.3 45.3 45.3 45.3 45.3 45.3 45.3 45.3 45.3 45.3 45.3 45.3 45.3 45.3 45.3 45.3 45.3 45.3 45.3 45.3 45.3 45.3 45.3 45.3 45.3 45.3 45.3 45.3 45.3 45.3 45.3 45.3 45.3 45.3 45.3 45.3 45.3 
25.8 25.8 25.8 25.8 25.8 25.8 25.8 25.8 25.8 25.8 25.8 25.8 25.8 25.8 25.8 25.8 25.8 25.8 25.8 25.8 25.8 25.8 25.8 25.8 25.8 25.8 25.8 25.8 25.8 25.8 25.8 25.8 25.8 25.8 25.8 25.8 25.8 25.8 25.8 25.8 25.8 25.8 25.8 25.8 25.8 25.8 25.8 25.8 25.8 25.8 25.8 25.8 25.8 25.8 25.8 25.8 25.8 25.8 25.8 25.8 
28.9 28.9 28.9 28.9 28.9 28.9 28.9 28.9 28.9 28.9 28.9 28.9 28.9 28.9 28.9 28.9 28.9 28.9 28.9 28.9 28.9 28.9 28.9 28.9 28.9 28.9 28.9 28.9 28.9 28.9 28.9 28.9 28.9 28.9 28.9 28.9 28.9 28.9 28.9 28.9 28.9 28.9 28.9 28.9 28.9 28.9 28.9 28.9 28.9 28.9 28.9 28.9 28.9 28.9 28.9 28.9 28.9 28.9 28.9 28.9 
44.3 44.3 44.3 44.3 44.3 44.3 44.3 44.3 44.3 44.3 44.3 44.3 44.3 44.3 44.3 44.3 44.3 44.3 44.3 44.3 44.3 44.3 44.3 44.3 44.3 44.3 44.3 44.3 44.3 44.3 44.3 44.3 44.3 44.3 44.3 44.3 44.3 44.3 44.3 44.3 44.3 44.3 44.3 44.3 44.3 44.3 44.3 44.3 44.3 44.3 44.3 44.3 44.3 44.3 44.3 44.3 44.3 44.3 44.3 44.3 
25.3 25.3 25.3 25.3 25.3 25.3 25.3 25.3 25.3 25.3 25.3 25.3 25.3 25.3 25.3 25.3 25.3 25.3 25.3 25.3 25.3 25.3 25.3 25.3 25.3 25.3 25.3 25.3 25.3 25.3 25.3 25.3 25.3 25.3 25.3 25.3 25.3 25.3 25.3 25.3 25.3 25.3 25.3 25.3 25.3 25.3 25.3 25.3 25.3 25.3 25.3 25.3 25.3 25.3 25.3 25.3 25.3 25.3 25.3 25.3 
30.4 30.4 30.4 30.4 30.4 30.4 30.4 30.4 30.4 30.4 30.4 30.4 30.4 30.4 30.4 30.4 30.4 30.4 30.4 30.4 30.4 30.4 30.4 30.4 30.4 30.4 30.4 30.4 30.4 30.4 30.4 30.4 30.4 30.4 30.4 30.4 30.4 30.4 30.4 30.4 30.4 30.4 30.4 30.4 30.4 30.4 30.4 30.4 30.4 30.4 30.4 30.4 30.4 30.4 30.4 30.4 30.4 30.4 30.4 30.4 
38 38 38 38 38 38 38 38 38 38 38 38 38 38 38 38 38 38 38 38 38 38 38 38 38 38 38 38 38 38 38 38 38 38 38 38 38 38 38 38 38 38 38 38 38 38 38 38 38 38 38 38 38 38 38 38 38 38 38 38 
26.1 26.1 26.1 26.1 26.1 26.1 26.1 26.1 26.1 26.1 26.1 26.1 26.1 26.1 26.1 26.1 26.1 26.1 26.1 26.1 26.1 26.1 26.1 26.1 26.1 26.1 26.1 26.1 26.1 26.1 26.1 26.1 26.1 26.1 26.1 26.1 26.1 26.1 26.1 26.1 26.1 26.1 26.1 26.1 26.1 26.1 26.1 26.1 26.1 26.1 26.1 26.1 26.1 26.1 26.1 26.1 26.1 26.1 26.1 26.1 
35.9 35.9 35.9 35.9 35.9 35.9 35.9 35.9 35.9 35.9 35.9 35.9 35.9 35.9 35.9 35.9 35.9 35.9 35.9 35.9 35.9 35.9 35.9 35.9 35.9 35.9 35.9 35.9 35.9 35.9 35.9 35.9 35.9 35.9 35.9 35.9 35.9 35.9 35.9 35.9 35.9 35.9 35.9 35.9 35.9 35.9 35.9 35.9 35.9 35.9 35.9 35.9 35.9 35.9 35.9 35.9 35.9 35.9 35.9 35.9 
37.7 37.7 37.7 37.7 37.7 37.7 37.7 37.7 37.7 37.7 37.7 37.7 37.7 37.7 37.7 37.7 37.7 37.7 37.7 37.7 37.7 37.7 37.7 37.7 37.7 37.7 37.7 37.7 37.7 37.7 37.7 37.7 37.7 37.7 37.7 37.7 37.7 37.7 37.7 37.7 37.7 37.7 37.7 37.7 37.7 37.7 37.7 37.7 37.7 37.7 37.7 37.7 37.7 37.7 37.7 37.7 37.7 37.7 37.7 37.7 
30.4 30.4 30.4 30.4 30.4 30.4 30.4 30.4 30.4 30.4 30.4 30.4 30.4 30.4 30.4 30.4 30.4 30.4 30.4 30.4 30.4 30.4 30.4 30.4 30.4 30.4 30.4 30.4 30.4 30.4 30.4 30.4 30.4 30.4 30.4 30.4 30.4 30.4 30.4 30.4 30.4 30.4 30.4 30.4 30.4 30.4 30.4 30.4 30.4 30.4 30.4 30.4 30.4 30.4 30.4 30.4 30.4 30.4 30.4 30.4 
31.9 31.9 31.9 31.9 31.9 31.9 31.9 31.9 31.9 31.9 31.9 31.9 31.9 31.9 31.9 31.9 31.9 31.9 31.9 31.9 31.9 31.9 31.9 31.9 31.9 31.9 31.9 31.9 31.9 31.9 31.9 31.9 31.9 31.9 31.9 31.9 31.9 31.9 31.9 31.9 31.9 31.9 31.9 31.9 31.9 31.9 31.9 31.9 31.9 31.9 31.9 31.9 31.9 31.9 31.9 31.9 31.9 31.9 31.9 31.9 
48.3 48.3 48.3 48.3 48.3 48.3 48.3 48.3 48.3 48.3 48.3 48.3 48.3 48.3 48.3 48.3 48.3 48.3 48.3 48.3 48.3 48.3 48.3 48.3 48.3 48.3 48.3 48.3 48.3 48.3 48.3 48.3 48.3 48.3 48.3 48.3 48.3 48.3 48.3 48.3 48.3 48.3 48.3 48.3 48.3 48.3 48.3 48.3 48.3 48.3 48.3 48.3 48.3 48.3 48.3 48.3 48.3 48.3 48.3 48.3 
25.4 25.4 25.4 25.4 25.4 25.4 25.4 25.4 25.4 25.4 25.4 25.4 25.4 25.4 25.4 25.4 25.4 25.4 25.4 25.4 25.4 25.4 25.4 25.4 25.4 25.4 25.4 25.4 25.4 25.4 25.4 25.4 25.4 25.4 25.4 25.4 25.4 25.4 25.4 25.4 25.4 25.4 25.4 25.4 25.4 25.4 25.4 25.4 25.4 25.4 25.4 25.4 25.4 25.4 25.4 25.4 25.4 25.4 25.4 25.4 
26.3 26.3 26.3 26.3 26.3 26.3 26.3 26.3 26.3 26.3 26.3 26.3 26.3 26.3 26.3 26.3 26.3 26.3 26.3 26.3 26.3 26.3 26.3 26.3 26.3 26.3 26.3 26.3 26.3 26.3 26.3 26.3 26.3 26.3 26.3 26.3 26.3 26.3 26.3 26.3 26.3 26.3 26.3 26.3 26.3 26.3 26.3 26.3 26.3 26.3 26.3 26.3 26.3 26.3 26.3 26.3 26.3 26.3 26.3 26.3 
45.1 45.1 45.1 45.1 45.1 45.1 45.1 45.1 45.1 45.1 45.1 45.1 45.1 45.1 45.1 45.1 45.1 45.1 45.1 45.1 45.1 45.1 45.1 45.1 45.1 45.1 45.1 45.1 45.1 45.1 45.1 45.1 45.1 45.1 45.1 45.1 45.1 45.1 45.1 45.1 45.1 45.1 45.1 45.1 45.1 45.1 45.1 45.1 45.1 45.1 45.1 45.1 45.1 45.1 45.1 45.1 45.1 45.1 45.1 45.1 
26.1 26.1 26.1 26.1 26.1 26.1 26.1 26.1 26.1 26.1 26.1 26.1 26.1 26.1 26.1 26.1 26.1 26.1 26.1 26.1 26.1 26.1 26.1 26.1 26.1 26.1 26.1 26.1 26.1 26.1 26.1 26.1 26.1 26.1 26.1 26.1 26.1 26.1 26.1 26.1 26.1 26.1 26.1 26.1 26.1 26.1 26.1 26.1 26.1 26.1 26.1 26.1 26.1 26.1 26.1 26.1 26.1 26.1 26.1 26.1 
28.8 28.8 28.8 28.8 28.8 28.8 28.8 28.8 28.8 28.8 28.8 28.8 28.8 28.8 28.8 28.8 28.8 28.8 28.8 28.8 28.8 28.8 28.8 28.8 28.8 28.8 28.8 28.8 28.8 28.8 28.8 28.8 28.8 28.8 28.8 28.8 28.8 28.8 28.8 28.8 28.8 28.8 28.8 28.8 28.8 28.8 28.8 28.8 28.8 28.8 28.8 28.8 28.8 28.8 28.8 28.8 28.8 28.8 28.8 28.8 
37.3 37.3 37.3 37.3 37.3 37.3 37.3 37.3 37.3 37.3 37.3 37.3 37.3 37.3 37.3 37.3 37.3 37.3 37.3 37.3 37.3 37.3 37.3 37.3 37.3 37.3 37.3 37.3 37.3 37.3 37.3 37.3 37.3 37.3 37.3 37.3 37.3 37.3 37.3 37.3 37.3 37.3 37.3 37.3 37.3 37.3 37.3 37.3 37.3 37.3 37.3 37.3 37.3 37.3 37.3 37.3 37.3 37.3 37.3 37.3 
26.3 26.3 26.3 26.3 26.3 26.3 26.3 26.3 26.3 26.3 26.3 26.3 26.3 26.3 26.3 26.3 26.3 26.3 26.3 26.3 26.3 26.3 26.3 26.3 26.3 26.3 26.3 26.3 26.3 26.3 26.3 26.3 26.3 26.3 26.3 26.3 26.3 26.3 26.3 26.3 26.3 26.3 26.3 26.3 26.3 26.3 26.3 26.3 26.3 26.3 26.3 26.3 26.3 26.3 26.3 26.3 26.3 26.3 26.3 26.3 
36.4 36.4 36.4 36.4 36.4 36.4 36.4 36.4 36.4 36.4 36.4 36.4 36.4 36.4 36.4 36.4 36.4 36.4 36.4 36.4 36.4 36.4 36.4 36.4 36.4 36.4 36.4 36.4 36.4 36.4 36.4 36.4 36.4 36.4 36.4 36.4 36.4 36.4 36.4 36.4 36.4 36.4 36.4 36.4 36.4 36.4 36.4 36.4 36.4 36.4 36.4 36.4 36.4 36.4 36.4 36.4 36.4 36.4 36.4 36.4 
41.7 41.7 41.7 41.7 41.7 41.7 41.7 41.7 41.7 41.7 41.7 41.7 41.7 41.7 41.7 41.7 41.7 41.7 41.7 41.7 41.7 41.7 41.7 41.7 41.7 41.7 41.7 41.7 41.7 41.7 41.7 41.7 41.7 41.7 41.7 41.7 41.7 41.7 41.7 41.7 41.7 41.7 41.7 41.7 41.7 41.7 41.7 41.7 41.7 41.7 41.7 41.7 41.7 41.7 41.7 41.7 41.7 41.7 41.7 41.7 
27.6 27.6 27.6 27.6 27.6 27.6 27.6 27.6 27.6 27.6 27.6 27.6 27.6 27.6 27.6 27.6 27.6 27.6 27.6 27.6 27.6 27.6 27.6 27.6 27.6 27.6 27.6 27.6 27.6 27.6 27.6 27.6 27.6 27.6 27.6 27.6 27.6 27.6 27.6 27.6 27.6 27.6 27.6 27.6 27.6 27.6 27.6 27.6 27.6 27.6 27.6 27.6 27.6 27.6 27.6 27.6 27.6 27.6 27.6 27.6 
30.7 30.7 30.7 30.7 30.7 30.7 30.7 30.7 30.7 30.7 30.7 30.7 30.7 30.7 30.7 30.7 30.7 30.7 30.7 30.7 30.7 30.7 30.7 30.7 30.7 30.7 30.7 30.7 30.7 30.7 30.7 30.7 30.7 30.7 30.7 30.7 30.7 30.7 30.7 30.7 30.7 30.7 30.7 30.7 30.7 30.7 30.7 30.7 30.7 30.7 30.7 30.7 30.7 30.7 30.7 30.7 30.7 30.7 30.7 30.7 
36.3 36.3 36.3 36.3 36.3 36.3 36.3 36.3 36.3 36.3 36.3 36.3 36.3 36.3 36.3 36.3 36.3 36.3 36.3 36.3 36.3 36.3 36.3 36.3 36.3 36.3 36.3 36.3 36.3 36.3 36.3 36.3 36.3 36.3 36.3 36.3 36.3 36.3 36.3 36.3 36.3 36.3 36.3 36.3 36.3 36.3 36.3 36.3 36.3 36.3 36.3 36.3 36.3 36.3 36.3 36.3 36.3 36.3 36.3 36.3 
29.4 29.4 29.4 29.4 29.4 29.4 29.4 29.4 29.4 29.4 29.4 29.4 29.4 29.4 29.4 29.4 29.4 29.4 29.4 29.4 29.4 29.4 29.4 29.4 29.4 29.4 29.4 29.4 29.4 29.4 29.4 29.4 29.4 29.4 29.4 29.4 29.4 29.4 29.4 29.4 29.4 29.4 29.4 29.4 29.4 29.4 29.4 29.4 29.4 29.4 29.4 29.4 29.4 29.4 29.4 29.4 29.4 29.4 29.4 29.4 
34.3 34.3 34.3 34.3 34.3 34.3 34.3 34.3 34.3 34.3 34.3 34.3 34.3 34.3 34.3 34.3 34.3 34.3 34.3 34.3 34.3 34.3 34.3 34.3 34.3 34.3 34.3 34.3 34.3 34.3 34.3 34.3 34.3 34.3 34.3 34.3 34.3 34.3 34.3 34.3 34.3 34.3 34.3 34.3 34.3 34.3 34.3 34.3 34.3 34.3 34.3 34.3 34.3 34.3 34.3 34.3 34.3 34.3 34.3 34.3 
44.2 44.2 44.2 44.2 44.2 44.2 44.2 44.2 44.2 44.2 44.2 44.2 44.2 44.2 44.2 44.2 44.2 44.2 44.2 44.2 44.2 44.2 44.2 44.2 44.2 44.2 44.2 44.2 44.2 44.2 44.2 44.2 44.2 44.2 44.2 44.2 44.2 44.2 44.2 44.2 44.2 44.2 44.2 44.2 44.2 44.2 44.2 44.2 44.2 44.2 44.2 44.2 44.2 44.2 44.2 44.2 44.2 44.2 44.2 44.2 
25.4 25.4 25.4 25.4 25.4 25.4 25.4 25.4 25.4 25.4 25.4 25.4 25.4 25.4 25.4 25.4 25.4 25.4 25.4 25.4 25.4 25.4 25.4 25.4 25.4 25.4 25.4 25.4 25.4 25.4 25.4 25.4 25.4 25.4 25.4 25.4 25.4 25.4 25.4 25.4 25.4 25.4 25.4 25.4 25.4 25.4 25.4 25.4 25.4 25.4 25.4 25.4 25.4 25.4 25.4 25.4 25.4 25.4 25.4 25.4 
30.4 30.4 30.4 30.4 30.4 30.4 30.4 30.4 30.4 30.4 30.4 30.4 30.4 30.4 30.4 30.4 30.4 30.4 30.4 30.4 30.4 30.4 30.4 30.4 30.4 30.4 30.4 30.4 30.4 30.4 30.4 30.4 30.4 30.4 30.4 30.4 30.4 30.4 30.4 30.4 30.4 30.4 30.4 30.4 30.4 30.4 30.4 30.4 30.4 30.4 30.4 30.4 30.4 30.4 30.4 30.4 30.4 30.4 30.4 30.4 
41.2 41.2 41.2 41.2 41.2 41.2 41.2 41.2 41.2 41.2 41.2 41.2 41.2 41.2 41.2 41.2 41.2 41.2 41.2 41.2 41.2 41.2 41.2 41.2 41.2 41.2 41.2 41.2 41.2 41.2 41.2 41.2 41.2 41.2 41.2 41.2 41.2 41.2 41.2 41.2 41.2 41.2 41.2 41.2 41.2 41.2 41.2 41.2 41.2 41.2 41.2 41.2 41.2 41.2 41.2 41.2 41.2 41.2 41.2 41.2 
25.6 25.6 25.6 25.6 25.6 25.6 25.6 25.6 25.6 25.6 25.6 25.6 25.6 25.6 25.6 25.6 25.6 25.6 25.6 25.6 25.6 25.6 25.6 25.6 25.6 25.6 25.6 25.6 25.6 25.6 25.6 25.6 25.6 25.6 25.6 25.6 25.6 25.6 25.6 25.6 25.6 25.6 25.6 25.6 25.6 25.6 25.6 25.6 25.6 25.6 25.6 25.6 25.6 25.6 25.6 25.6 25.6 25.6 25.6 25.6 
33.2 33.2 33.2 33.2 33.2 33.2 33.2 33.2 33.2 33.2 33.2 33.2 33.2 33.2 33.2 33.2 33.2 33.2 33.2 33.2 33.2 33.2 33.2 33.2 33.2 33.2 33.2 33.2 33.2 33.2 33.2 33.2 33.2 33.2 33.2 33.2 33.2 33.2 33.2 33.2 33.2 33.2 33.2 33.2 33.2 33.2 33.2 33.2 33.2 33.2 33.2 33.2 33.2 33.2 33.2 33.2 33.2 33.2 33.2 33.2 
36.9 36.9 36.9 36.9 36.9 36.9 36.9 36.9 36.9 36.9 36.9 36.9 36.9 36.9 36.9 36.9 36.9 36.9 36.9 36.9 36.9 36.9 36.9 36.9 36.9 36.9 36.9 36.9 36.9 36.9 36.9 36.9 36.9 36.9 36.9 36.9 36.9 36.9 36.9 36.9 36.9 36.9 36.9 36.9 36.9 36.9 36.9 36.9 36.9 36.9 36.9 36.9 36.9 36.9 36.9 36.9 36.9 36.9 36.9 36.9 
26.2 26.2 26.2 26.2 26.2 26.2 26.2 26.2 26.2 26.2 26.2 26.2 26.2 26.2 26.2 26.2 26.2 26.2 26.2 26.2 26.2 26.2 26.2 26.2 26.2 26.2 26.2 26.2 26.2 26.2 26.2 26.2 26.2 26.2 26.2 26.2 26.2 26.2 26.2 26.2 26.2 26.2 26.2 26.2 26.2 26.2 26.2 26.2 26.2 26.2 26.2 26.2 26.2 26.2 26.2 26.2 26.2 26.2 26.2 26.2 
36.9 36.9 36.9 36.9 36.9 36.9 36.9 36.9 36.9 36.9 36.9 36.9 36.9 36.9 36.9 36.9 36.9 36.9 36.9 36.9 36.9 36.9 36.9 36.9 36.9 36.9 36.9 36.9 36.9 36.9 36.9 36.9 36.9 36.9 36.9 36.9 36.9 36.9 36.9 36.9 36.9 36.9 36.9 36.9 36.9 36.9 36.9 36.9 36.9 36.9 36.9 36.9 36.9 36.9 36.9 36.9 36.9 36.9 36.9 36.9 
42.9 42.9 42.9 42.9 42.9 42.9 42.9 42.9 42.9 42.9 42.9 42.9 42.9 42.9 42.9 42.9 42.9 42.9 42.9 42.9 42.9 42.9 42.9 42.9 42.9 42.9 42.9 42.9 42.9 42.9 42.9 42.9 42.9 42.9 42.9 42.9 42.9 42.9 42.9 42.9 42.9 42.9 42.9 42.9 42.9 42.9 42.9 42.9 42.9 42.9 42.9 42.9 42.9 42.9 42.9 42.9 42.9 42.9 42.9 42.9 
25.2 25.2 25.2 25.2 25.2 25.2 25.2 25.2 25.2 25.2 25.2 25.2 25.2 25.2 25.2 25.2 25.2 25.2 25.2 25.2 25.2 25.2 25.2 25.2 25.2 25.2 25.2 25.2 25.2 25.2 25.2 25.2 25.2 25.2 25.2 25.2 25.2 25.2 25.2 25.2 25.2 25.2 25.2 25.2 25.2 25.2 25.2 25.2 25.2 25.2 25.2 25.2 25.2 25.2 25.2 25.2 25.2 25.2 25.2 25.2 
31.9 31.9 31.9 31.9 31.9 31.9 31.9 31.9 31.9 31.9 31.9 31.9 31.9 31.9 31.9 31.9 31.9 31.9 31.9 31.9 31.9 31.9 31.9 31.9 31.9 31.9 31.9 31.9 31.9 31.9 31.9 31.9 31.9 31.9 31.9 31.9 31.9 31.9 31.9 31.9 31.9 31.9 31.9 31.9 31.9 31.9 31.9 31.9 31.9 31.9 31.9 31.9 31.9 31.9 31.9 31.9 31.9 31.9 31.9 31.9 
39.7 39.7 39.7 39.7 39.7 39.7 39.7 39.7 39.7 39.7 39.7 39.7 39.7 39.7 39.7 39.7 39.7 39.7 39.7 39.7 39.7 39.7 39.7 39.7 39.7 39.7 39.7 39.7 39.7 39.7 39.7 39.7 39.7 39.7 39.7 39.7 39.7 39.7 39.7 39.7 39.7 39.7 39.7 39.7 39.7 39.7 39.7 39.7 39.7 39.7 39.7 39.7 39.7 39.7 39.7 39.7 39.7 39.7 39.7 39.7 
26.6 26.6 26.6 26.6 26.6 26.6 26.6 26.6 26.6 26.6 26.6 26.6 26.6 26.6 26.6 26.6 26.6 26.6 26.6 26.6 26.6 26.6 26.6 26.6 26.6 26.6 26.6 26.6 26.6 26.6 26.6 26.6 26.6 26.6 26.6 26.6 26.6 26.6 26.6 26.6 26.6 26.6 26.6 26.6 26.6 26.6 26.6 26.6 26.6 26.6 26.6 26.6 26.6 26.6 26.6 26.6 26.6 26.6 26.6 26.6 
33.7 33.7 33.7 33.7 33.7 33.7 33.7 33.7 33.7 33.7 33.7 33.7 33.7 33.7 33.7 33.7 33.7 33.7 33.7 33.7 33.7 33.7 33.7 33.7 33.7 33.7 33.7 33.7 33.7 33.7 33.7 33.7 33.7 33.7 33.7 33.7 33.7 33.7 33.7 33.7 33.7 33.7 33.7 33.7 33.7 33.7 33.7 33.7 33.7 33.7 33.7 33.7 33.7 33.7 33.7 33.7 33.7 33.7 33.7 33.7 
