60 60 100 20
47 47 47 47 47 47 47 47 47 47 47 47 47 47 47 47 47 47 47 47 47 47 47 47 47 47 47 47 47 47 47 47 47 47 47 47 47 47 47 47 47 47 47 47 47 47 47 47 47 47 47 47 47 47 47 47 47 47 47 47 
26 26 26 26 26 26 26 26 26 26 26 26 26 26 26 26 26 26 26 26 26 26 26 26 26 26 26 26 26 26 26 26 26 26 26 26 26 26 26 26 26 26 26 26 26 26 26 26 26 26 26 26 26 26 26 26 26 26 26 26 
27 27 27 27 27 27 27 27 27 27 27 27 27 27 27 27 27 27 27 27 27 27 27 27 27 27 27 27 27 27 27 27 27 27 27 27 27 27 27 27 27 27 27 27 27 27 27 27 27 27 27 27 27 27 27 27 27 27 27 27 
46.4 46.4 46.4 46.4 46.4 46.4 46.4 46.4 46.4 46.4 46.4 46.4 46.4 46.4 46.4 46.4 46.4 46.4 46.4 46.4 46.4 46.4 46.4 46.4 46.4 46.4 46.4 46.4 46.4 46.4 46.4 46.4 46.4 46.4 46.4 46.4 46.4 46.4 46.4 46.4 46.4 46.4 46.4 46.4 46.4 46.4 46.4 46.4 46.4 46.4 46.4 46.4 46.4 46.4 46.4 46.4 46.4 46.4 46.4 46.4 
25.8 25.8 25.8 25.8 25.8 25.8 25.8 25.8 25.8 25.8 25.8 25.8 25.8 25.8 25.8 25.8 25.8 25.8 25.8 25.8 25.8 25.8 25.8 25.8 25.8 25.8 25.8 25.8 25.8 25.8 25.8 25.8 25.8 25.8 25.8 25.8 25.8 25.8 25.8 25.8 25.8 25.8 25.8 25.8 25.8 25.8 25.8 25.8 25.8 25.8 25.8 25.8 25.8 25.8 25.8 25.8 25.8 25.8 25.8 25.8 
27.8 27.8 27.8 27.8 27.8 27.8 27.8 27.8 27.8 27.8 27.8 27.8 27.8 27.8 27.8 27.8 27.8 27.8 27.8 27.8 27.8 27.8 27.8 27.8 27.8 27.8 27.8 27.8 27.8 27.8 27.8 27.8 27.8 27.8 27.8 27.8 27.8 27.8 27.8 27.8 27.8 27.8 27.8 27.8 27.8 27.8 27.8 27.8 27.8 27.8 27.8 27.8 27.8 27.8 27.8 27.8 27.8 27.8 27.8 27.8 
36.7 36.7 36.7 36.7 36.7 36.7 36.7 36.7 36.7 36.7 36.7 36.7 36.7 36.7 36.7 36.7 36.7 36.7 36.7 36.7 36.7 36.7 36.7 36.7 36.7 36.7 36.7 36.7 36.7 36.7 36.7 36.7 36.7 36.7 36.7 36.7 36.7 36.7 36.7 36.7 36.7 36.7 36.7 36.7 36.7 36.7 36.7 36.7 36.7 36.7 36.7 36.7 36.7 36.7 36.7 36.7 36.7 36.7 36.7 36.7 
26.6 26.6 26.6 26.6 26.6 26.6 26.6 26.6 26.6 26.6 26.6 26.6 26.6 26.6 26.6 26.6 26.6 26.6 26.6 26.6 26.6 26.6 26.6 26.6 26.6 26.6 26.6 26.6 26.6 26.6 26.6 26.6 26.6 26.6 26.6 26.6 26.6 26.6 26.6 26.6 26.6 26.6 26.6 26.6 26.6 26.6 26.6 26.6 26.6 26.6 26.6 26.6 26.6 26.6 26.6 26.6 26.6 26.6 26.6 26.6 
36.7 36.7 36.7 36.7 36.7 36.7 36.7 36.7 36.7 36.7 36.7 36.7 36.7 36.7 36.7 36.7 36.7 36.7 36.7 36.7 36.7 36.7 36.7 36.7 36.7 36.7 36.7 36.7 36.7 36.7 36.7 36.7 36.7 36.7 36.7 36.7 36.7 36.7 36.7 36.7 36.7 36.7 36.7 36.7 36.7 36.7 36.7 36.7 36.7 36.7 36.7 36.7 36.7 36.7 36.7 36.7 36.7 36.7 36.7 36.7 
49.2 49.2 49.2 49.2 49.2 49.2 49.2 49.2 49.2 49.2 49.2 49.2 49.2 49.2 49.2 49.2 49.2 49.2 49.2 49.2 49.2 49.2 49.2 49.2 49.2 49.2 49.2 49.2 49.2 49.2 49.2 49.2 49.2 49.2 49.2 49.2 49.2 49.2 49.2 49.2 49.2 49.2 49.2 49.2 49.2 49.2 49.2 49.2 49.2 49.2 49.2 49.2 49.2 49.2 49.2 49.2 49.2 49.2 49.2 49.2 
25.1 25.1 25.1 25.1 25.1 25.1 25.1 25.1 25.1 25.1 25.1 25.1 25.1 25.1 25.1 25.1 25.1 25.1 25.1 25.1 25.1 25.1 25.1 25.1 25.1 25.1 25.1 25.1 25.1 25.1 25.1 25.1 25.1 25.1 25.1 25.1 25.1 25.1 25.1 25.1 25.1 25.1 25.1 25.1 25.1 25.1 25.1 25.1 25.1 25.1 25.1 25.1 25.1 25.1 25.1 25.1 25.1 25.1 25.1 25.1 
25.7 25.7 25.7 25.7 25.7 25.7 25.7 25.7 25.7 25.7 25.7 25.7 25.7 25.7 25.7 25.7 25.7 25.7 25.7 25.7 25.7 25.7 25.7 25.7 25.7 25.7 25.7 25.7 25.7 25.7 25.7 25.7 25.7 25.7 25.7 25.7 25.7 25.7 25.7 25.7 25.7 25.7 25.7 25.7 25.7 25.7 25.7 25.7 25.7 25.7 25.7 25.7 25.7 25.7 25.7 25.7 25.7 25.7 25.7 25.7 
49.1 49.1 49.1 49.1 49.1 49.1 49.1 49.1 49.1 49.1 49.1 49.1 49.1 49.1 49.1 49.1 49.1 49.1 49.1 49.1 49.1 49.1 49.1 49.1 49.1 49.1 49.1 49.1 49.1 49.1 49.1 49.1 49.1 49.1 49.1 49.1 49.1 49.1 49.1 49.1 49.1 49.1 49.1 49.1 49.1 49.1 49.1 49.1 49.1 49.1 49.1 49.1 49.1 49.1 49.1 49.1 49.1 49.1 49.1 49.1 
25.2 25.2 25.2 25.2 25.2 25.2 25.2 25.2 25.2 25.2 25.2 25.2 25.2 25.2 25.2 25.2 25.2 25.2 25.2 25.2 25.2 25.2 25.2 25.2 25.2 25.2 25.2 25.2 25.2 25.2 25.2 25.2 25.2 25.2 25.2 25.2 25.2 25.2 25.2 25.2 25.2 25.2 25.2 25.2 25.2 25.2 25.2 25.2 25.2 25.2 25.2 25.2 25.2 25.2 25.2 25.2 25.2 25.2 25.2 25.2 
25.7 25.7 25.7 25.7 25.7 25.7 25.7 25.7 25.7 25.7 25.7 25.7 25.7 25.7 25.7 25.7 25.7 25.7 25.7 25.7 25.7 25.7 25.7 25.7 25.7 25.7 25.7 25.7 25.7 25.7 25.7 25.7 25.7 25.7 25.7 25.7 25.7 25.7 25.7 25.7 25.7 25.7 25.7 25.7 25.7 25.7 25.7 25.7 25.7 25.7 25.7 25.7 25.7 25.7 25.7 25.7 25.7 25.7 25.7 25.7 
41.5 41.5 41.5 41.5 41.5 41.5 41.5 41.5 41.5 41.5 41.5 41.5 41.5 41.5 41.5 41.5 41.5 41.5 41.5 41.5 41.5 41.5 41.5 41.5 41.5 41.5 41.5 41.5 41.5 41.5 41.5 41.5 41.5 41.5 41.5 41.5 41.5 41.5 41.5 41.5 41.5 41.5 41.5 41.5 41.5 41.5 41.5 41.5 41.5 41.5 41.5 41.5 41.5 41.5 41.5 41.5 41.5 41.5 41.5 41.5 
28.2 28.2 28.2 28.2 28.2 28.2 28.2 28.2 28.2 28.2 28.2 28.2 28.2 28.2 28.2 28.2 28.2 28.2 28.2 28.2 28.2 28.2 28.2 28.2 28.2 28.2 28.2 28.2 28.2 28.2 28.2 28.2 28.2 28.2 28.2 28.2 28.2 28.2 28.2 28.2 28.2 28.2 28.2 28.2 28.2 28.2 28.2 28.2 28.2 28.2 28.2 28.2 28.2 28.2 28.2 28.2 28.2 28.2 28.2 28.2 
30.3 30.3 30.3 30.3 30.3 30.3 30.3 30.3 30.3 30.3 30.3 30.3 30.3 30.3 30.3 30.3 30.3 30.3 30.3 30.3 30.3 30.3 30.3 30.3 30.3 30.3 30.3 30.3 30.3 30.3 30.3 30.3 30.3 30.3 30.3 30.3 30.3 30.3 30.3 30.3 30.3 30.3 30.3 30.3 30.3 30.3 30.3 30.3 30.3 30.3 30.3 30.3 30.3 30.3 30.3 30.3 30.3 30.3 30.3 30.3 
42.9 42.9 42.9 42.9 42.9 42.9 42.9 42.9 42.9 42.9 42.9 42.9 42.9 42.9 42.9 42.9 42.9 42.9 42.9 42.9 42.9 42.9 42.9 42.9 42.9 42.9 42.9 42.9 42.9 42.9 42.9 42.9 42.9 42.9 42.9 42.9 42.9 42.9 42.9 42.9 42.9 42.9 42.9 42.9 42.9 42.9 42.9 42.9 42.9 42.9 42.9 42.9 42.9 42.9 42.9 42.9 42.9 42.9 42.9 42.9 
26 26 26 26 26 26 26 26 26 26 26 26 26 26 26 26 26 26 26 26 26 26 26 26 26 26 26 26 26 26 26 26 26 26 26 26 26 26 26 26 26 26 26 26 26 26 26 26 26 26 26 26 26 26 26 26 26 26 26 26 
31.1 31.1 31.1 31.1 31.1 31.1 31.1 31.1 31.1 31.1 31.1 31.1 31.1 31.1 31.1 31.1 31.1 31.1 31.1 31.1 31.1 31.1 31.1 31.1 31.1 31.1 31.1 31.1 31.1 31.1 31.1 31.1 31.1 31.1 31.1 31.1 31.1 31.1 31.1 31.1 31.1 31.1 31.1 31.1 31.1 31.1 31.1 31.1 31.1 31.1 31.1 31.1 31.1 31.1 31.1 31.1 31.1 31.1 31.1 31.1 
45 45 45 45 45 45 45 45 45 45 45 45 45 45 45 45 45 45 45 45 45 45 45 45 45 45 45 45 45 45 45 45 45 45 45 45 45 45 45 45 45 45 45 45 45 45 45 45 45 45 45 45 45 45 45 45 45 45 45 45 
27.3 27.3 27.3 27.3 27.3 27.3 27.3 27.3 27.3 27.3 27.3 27.3 27.3 27.3 27.3 27.3 27.3 27.3 27.3 27.3 27.3 27.3 27.3 27.3 27.3 27.3 27.3 27.3 27.3 27.3 27.3 27.3 27.3 27.3 27.3 27.3 27.3 27.3 27.3 27.3 27.3 27.3 27.3 27.3 27.3 27.3 27.3 27.3 27.3 27.3 27.3 27.3 27.3 27.3 27.3 27.3 27.3 27.3 27.3 27.3 
27.7 27.7 27.7 27.7 27.7 27.7 27.7 27.7 27.7 27.7 27.7 27.7 27.7 27.7 27.7 27.7 27.7 27.7 27.7 27.7 27.7 27.7 27.7 27.7 27.7 27.7 27.7 27.7 27.7 27.7 27.7 27.7 27.7 27.7 27.7 27.7 27.7 27.7 27.7 27.7 27.7 27.7 27.7 27.7 27.7 27.7 27.7 27.7 27.7 27.7 27.7 27.7 27.7 27.7 27.7 27.7 27.7 27.7 27.7 27.7 
48.4 48.4 48.4 48.4 48.4 48.4 48.4 48.4 48.4 48.4 48.4 48.4 48.4 48.4 48.4 48.4 48.4 48.4 48.4 48.4 48.4 48.4 48.4 48.4 48.4 48.4 48.4 48.4 48.4 48.4 48.4 48.4 48.4 48.4 48.4 48.4 48.4 48.4 48.4 48.4 48.4 48.4 48.4 48.4 48.4 48.4 48.4 48.4 48.4 48.4 48.4 48.4 48.4 48.4 48.4 48.4 48.4 48.4 48.4 48.4 
25.4 25.4 25.4 25.4 25.4 25.4 25.4 25.4 25.4 25.4 25.4 25.4 25.4 25.4 25.4 25.4 25.4 25.4 25.4 25.4 25.4 25.4 25.4 25.4 25.4 25.4 25.4 25.4 25.4 25.4 25.4 25.4 25.4 25.4 25.4 25.4 25.4 25.4 25.4 25.4 25.4 25.4 25.4 25.4 25.4 25.4 25.4 25.4 25.4 25.4 25.4 25.4 25.4 25.4 25.4 25.4 25.4 25.4 25.4 25.4 
26.2 26.2 26.2 26.2 26.2 26.2 26.2 26.2 26.2 26.2 26.2 26.2 26.2 26.2 26.2 26.2 26.2 26.2 26.2 26.2 26.2 26.2 26.2 26.2 26.2 26.2 26.2 26.2 26.2 26.2 26.2 26.2 26.2 26.2 26.2 26.2 26.2 26.2 26.2 26.2 26.2 26.2 26.2 26.2 26.2 26.2 26.2 26.2 26.2 26.2 26.2 26.2 26.2 26.2 26.2 26.2 26.2 26.2 26.2 26.2 
39.9 39.9 39.9 39.9 39.9 39.9 39.9 39.9 39.9 39.9 39.9 39.9 39.9 39.9 39.9 39.9 39.9 39.9 39.9 39.9 39.9 39.9 39.9 39.9 39.9 39.9 39.9 39.9 39.9 39.9 39.9 39.9 39.9 39.9 39.9 39.9 39.9 39.9 39.9 39.9 39.9 39.9 39.9 39.9 39.9 39.9 39.9 39.9 39.9 39.9 39.9 39.9 39.9 39.9 39.9 39.9 39.9 39.9 39.9 39.9 
27.4 27.4 27.4 27.4 27.4 27.4 27.4 27.4 27.4 27.4 27.4 27.4 27.4 27.4 27.4 27.4 27.4 27.4 27.4 27.4 27.4 27.4 27.4 27.4 27.4 27.4 27.4 27.4 27.4 27.4 27.4 27.4 27.4 27.4 27.4 27.4 27.4 27.4 27.4 27.4 27.4 27.4 27.4 27.4 27.4 27.4 27.4 27.4 27.4 27.4 27.4 27.4 27.4 27.4 27.4 27.4 27.4 27.4 27.4 27.4 
32.7 32.7 32.7 32.7 32.7 32.7 32.7 32.7 32.7 32.7 32.7 32.7 32.7 32.7 32.7 32.7 32.7 32.7 32.7 32.7 32.7 32.7 32.7 32.7 32.7 32.7 32.7 32.7 32.7 32.7 32.7 32.7 32.7 32.7 32.7 32.7 32.7 32.7 32.7 32.7 32.7 32.7 32.7 32.7 32.7 32.7 32.7 32.7 32.7 32.7 32.7 32.7 32.7 32.7 32.7 32.7 32.7 32.7 32.7 32.7 
44.8 44.8 44.8 44.8 44.8 44.8 44.8 44.8 44.8 44.8 44.8 44.8 44.8 44.8 44.8 44.8 44.8 44.8 44.8 44.8 44.8 44.8 44.8 44.8 44.8 44.8 44.8 44.8 44.8 44.8 44.8 44.8 44.8 44.8 44.8 44.8 44.8 44.8 44.8 44.8 44.8 44.8 44.8 44.8 44.8 44.8 44.8 44.8 44.8 44.8 44.8 44.8 44.8 44.8 44.8 44.8 44.8 44.8 44.8 44.8 
27 27 27 27 27 27 27 27 27 27 27 27 27 27 27 27 27 27 27 27 27 27 27 27 27 27 27 27 27 27 27 27 27 27 27 27 27 27 27 27 27 27 27 27 27 27 27 27 27 27 27 27 27 27 27 27 27 27 27 27 
28.2 28.2 28.2 28.2 28.2 28.2 28.2 28.2 28.2 28.2 28.2 28.2 28.2 28.2 28.2 28.2 28.2 28.2 28.2 28.2 28.2 28.2 28.2 28.2 28.2 28.2 28.2 28.2 28.2 28.2 28.2 28.2 28.2 28.2 28.2 28.2 28.2 28.2 28.2 28.2 28.2 28.2 28.2 28.2 28.2 28.2 28.2 28.2 28.2 28.2 28.2 28.2 28.2 28.2 28.2 28.2 28.2 28.2 28.2 28.2 
36.1 36.1 36.1 36.1 36.1 36.1 36.1 36.1 36.1 36.1 36.1 36.1 36.1 36.1 36.1 36.1 36.1 36.1 36.1 36.1 36.1 36.1 36.1 36.1 36.1 36.1 36.1 36.1 36.1 36.1 36.1 36.1 36.1 36.1 36.1 36.1 36.1 36.1 36.1 36.1 36.1 36.1 36.1 36.1 36.1 36.1 36.1 36.1 36.1 36.1 36.1 36.1 36.1 36.1 36.1 36.1 36.1 36.1 36.1 36.1 
25 25 25 25 25 25 25 25 25 25 25 25 25 25 25 25 25 25 25 25 25 25 25 25 25 25 25 25 25 25 25 25 25 25 25 25 25 25 25 25 25 25 25 25 25 25 25 25 25 25 25 25 25 25 25 25 25 25 25 25 
38.9 38.9 38.9 38.9 38.9 38.9 38.9 38.9 38.9 38.9 38.9 38.9 38.9 38.9 38.9 38.9 38.9 38.9 38.9 38.9 38.9 38.9 38.9 38.9 38.9 38.9 38.9 38.9 38.9 38.9 38.9 38.9 38.9 38.9 38.9 38.9 38.9 38.9 38.9 38.9 38.9 38.9 38.9 38.9 38.9 38.9 38.9 38.9 38.9 38.9 38.9 38.9 38.9 38.9 38.9 38.9 38.9 38.9 38.9 38.9 
36 36 36 36 36 36 36 36 36 36 36 36 36 36 36 36 36 36 36 36 36 36 36 36 36 36 36 36 36 36 36 36 36 36 36 36 36 36 36 36 36 36 36 36 36 36 36 36 36 36 36 36 36 36 36 36 36 36 36 36 
30 30 30 30 30 30 30 30 30 30 30 30 30 30 30 30 30 30 30 30 30 30 30 30 30 30 30 30 30 30 30 30 30 30 30 30 30 30 30 30 30 30 30 30 30 30 30 30 30 30 30 30 30 30 30 30 30 30 30 30 
34 34 34 34 34 34 34 34 34 34 34 34 34 34 34 34 34 34 34 34 34 34 34 34 34 34 34 34 34 34 34 34 34 34 34 34 34 34 34 34 34 34 34 34 34 34 34 34 34 34 34 34 34 34 34 34 34 34 34 34 
41.5 41.5 41.5 41.5 41.5 41.5 41.5 41.5 41.5 41.5 41.5 41.5 41.5 41.5 41.5 41.5 41.5 41.5 41.5 41.5 41.5 41.5 41.5 41.5 41.5 41.5 41.5 41.5 41.5 41.5 41.5 41.5 41.5 41.5 41.5 41.5 41.5 41.5 41.5 41.5 41.5 41.5 41.5 41.5 41.5 41.5 41.5 41.5 41.5 41.5 41.5 41.5 41.5 41.5 41.5 41.5 41.5 41.5 41.5 41.5 
25.1 25.1 25.1 25.1 25.1 25.1 25.1 25.1 25.1 25.1 25.1 25.1 25.1 25.1 25.1 25.1 25.1 25.1 25.1 25.1 25.1 25.1 25.1 25.1 25.1 25.1 25.1 25.1 25.1 25.1 25.1 25.1 25.1 25.1 25.1 25.1 25.1 25.1 25.1 25.1 25.1 25.1 25.1 25.1 25.1 25.1 25.1 25.1 25.1 25.1 25.1 25.1 25.1 25.1 25.1 25.1 25.1 25.1 25.1 25.1 
33.4 33.4 33.4 33.4 33.4 33.4 33.4 33.4 33.4 33.4 33.4 33.4 33.4 33.4 33.4 33.4 33.4 33.4 33.4 33.4 33.4 33.4 33.4 33.4 33.4 33.4 33.4 33.4 33.4 33.4 33.4 33.4 33.4 33.4 33.4 33.4 33.4 33.4 33.4 33.4 33.4 33.4 33.4 33.4 33.4 33.4 33.4 33.4 33.4 33.4 33.4 33.4 33.4 33.4 33.4 33.4 33.4 33.4 33.4 33.4 
35.3 35.3 35.3 35.3 35.3 35.3 35.3 35.3 35.3 35.3 35.3 35.3 35.3 35.3 35.3 35.3 35.3 35.3 35.3 35.3 35.3 35.3 35.3 35.3 35.3 35.3 35.3 35.3 35.3 35.3 35.3 35.3 35.3 35.3 35.3 35.3 35.3 35.3 35.3 35.3 35.3 35.3 35.3 35.3 35.3 35.3 35.3 35.3 35.3 35.3 35.3 35.3 35.3 35.3 35.3 35.3 35.3 35.3 35.3 35.3 
31.1 31.1 31.1 31.1 31.1 31.1 31.1 31.1 31.1 31.1 31.1 31.1 31.1 31.1 31.1 31.1 31.1 31.1 31.1 31.1 31.1 31.1 31.1 31.1 31.1 31.1 31.1 31.1 31.1 31.1 31.1 31.1 31.1 31.1 31.1 31.1 31.1 31.1 31.1 31.1 31.1 31.1 31.1 31.1 31.1 31.1 31.1 31.1 31.1 31.1 31.1 31.1 31.1 31.1 31.1 31.1 31.1 31.1 31.1 31.1 
33.6 33.6 33.6 33.6 33.6 33.6 33.6 33.6 33.6 33.6 33.6 33.6 33.6 33.6 33.6 33.6 33.6 33.6 33.6 33.6 33.6 33.6 33.6 33.6 33.6 33.6 33.6 33.6 33.6 33.6 33.6 33.6 33.6 33.6 33.6 33.6 33.6 33.6 33.6 33.6 33.6 33.6 33.6 33.6 33.6 33.6 33.6 33.6 33.6 33.6 33.6 33.6 33.6 33.6 33.6 33.6 33.6 33.6 33.6 33.6 
46 46 46 46 46 46 46 46 46 46 46 46 46 46 46 46 46 46 46 46 46 46 46 46 46 46 46 46 46 46 46 46 46 46 46 46 46 46 46 46 46 46 46 46 46 46 46 46 46 46 46 46 46 46 46 46 46 46 46 46 
25.9 25.9 25.9 25.9 25.9 25.9 25.9 25.9 25.9 25.9 25.9 25.9 25.9 25.9 25.9 25.9 25.9 25.9 25.9 25.9 25.9 25.9 25.9 25.9 25.9 25.9 25.9 25.9 25.9 25.9 25.9 25.9 25.9 25.9 25.9 25.9 25.9 25.9 25.9 25.9 25.9 25.9 25.9 25.9 25.9 25.9 25.9 25.9 25.9 25.9 25.9 25.9 25.9 25.9 25.9 25.9 25.9 25.9 25.9 25.9 
28.1 28.1 28.1 28.1 28.1 28.1 28.1 28.1 28.1 28.1 28.1 28.1 28.1 28.1 28.1 28.1 28.1 28.1 28.1 28.1 28.1 28.1 28.1 28.1 28.1 28.1 28.1 28.1 28.1 28.1 28.1 28.1 28.1 28.1 28.1 28.1 28.1 28.1 28.1 28.1 28.1 28.1 28.1 28.1 28.1 28.1 28.1 28.1 28.1 28.1 28.1 28.1 28.1 28.1 28.1 28.1 28.1 28.1 28.1 28.1 
47.4 47.4 47.4 47.4 47.4 47.4 47.4 47.4 47.4 47.4 47.4 47.4 47.4 47.4 47.4 47.4 47.4 47.4 47.4 47.4 47.4 47.4 47.4 47.4 47.4 47.4 47.4 47.4 47.4 47.4 47.4 47.4 47.4 47.4 47.4 47.4 47.4 47.4 47.4 47.4 47.4 47.4 47.4 47.4 47.4 47.4 47.4 47.4 47.4 47.4 47.4 47.4 47.4 47.4 47.4 47.4 47.4 47.4 47.4 47.4 
25.4 25.4 25.4 25.4 25.4 25.4 25.4 25.4 25.4 25.4 25.4 25.4 25.4 25.4 25.4 25.4 25.4 25.4 25.4 25.4 25.4 25.4 25.4 25.4 25.4 25.4 25.4 25.4 25.4 25.4 25.4 25.4 25.4 25.4 25.4 25.4 25.4 25.4 25.4 25.4 25.4 25.4 25.4 25.4 25.4 25.4 25.4 25.4 25.4 25.4 25.4 25.4 25.4 25.4 25.4 25.4 25.4 25.4 25.4 25.4 
27.2 27.2 27.2 27.2 27.2 27.2 27.2 27.2 27.2 27.2 27.2 27.2 27.2 27.2 27.2 27.2 27.2 27.2 27.2 27.2 27.2 27.2 27.2 27.2 27.2 27.2 27.2 27.2 27.2 27.2 27.2 27.2 27.2 27.2 27.2 27.2 27.2 27.2 27.2 27.2 27.2 27.2 27.2 27.2 27.2 27.2 27.2 27.2 27.2 27.2 27.2 27.2 27.2 27.2 27.2 27.2 27.2 27.2 27.2 27.2 
40 40 40 40 40 40 40 40 40 40 40 40 40 40 40 40 40 40 40 40 40 40 40 40 40 40 40 40 40 40 40 40 40 40 40 40 40 40 40 40 40 40 40 40 40 40 40 40 40 40 40 40 40 40 40 40 40 40 40 40 
26.4 26.4 26.4 26.4 26.4 26.4 26.4 26.4 26.4 26.4 26.4 26.4 26.4 26.4 26.4 26.4 26.4 26.4 26.4 26.4 26.4 26.4 26.4 26.4 26.4 26.4 26.4 26.4 26.4 26.4 26.4 26.4 26.4 26.4 26.4 26.4 26.4 26.4 26.4 26.4 26.4 26.4 26.4 26.4 26.4 26.4 26.4 26.4 26.4 26.4 26.4 26.4 26.4 26.4 26.4 26.4 26.4 26.4 26.4 26.4 
33.6 33.6 33.6 33.6 33.6 33.6 33.6 33.6 33.6 33.6 33.6 33.6 33.6 33.6 33.6 33.6 33.6 33.6 33.6 33.6 33.6 33.6 33.6 33.6 33.6 33.6 33.6 33.6 33.6 33.6 33.6 33.6 33.6 33.6 33.6 33.6 33.6 33.6 33.6 33.6 33.6 33.6 33.6 33.6 33.6 33.6 33.6 33.6 33.6 33.6 33.6 33.6 33.6 33.6 33.6 33.6 33.6 33.6 33.6 33.6 
36.5 36.5 36.5 36.5 36.5 36.5 36.5 36.5 36.5 36.5 36.5 36.5 36.5 36.5 36.5 36.5 36.5 36.5 36.5 36.5 36.5 36.5 36.5 36.5 36.5 36.5 36.5 36.5 36.5 36.5 36.5 36.5 36.5 36.5 36.5 36.5 36.5 36.5 36.5 36.5 36.5 36.5 36.5 36.5 36.5 36.5 36.5 36.5 36.5 36.5 36.5 36.5 36.5 36.5 36.5 36.5 36.5 36.5 36.5 36.5 
26.9 26.9 26.9 26.9 26.9 26.9 26.9 26.9 26.9 26.9 26.9 26.9 26.9 26.9 26.9 26.9 26.9 26.9 26.9 26.9 26.9 26.9 26.9 26.9 26.9 26.9 26.9 26.9 26.9 26.9 26.9 26.9 26.9 26.9 26.9 26.9 26.9 26.9 26.9 26.9 26.9 26.9 26.9 26.9 26.9 26.9 26.9 26.9 26.9 26.9 26.9 26.9 26.9 26.9 26.9 26.9 26.9 26.9 26.9 26.9 
36.6 36.6 36.6 36.6 36.6 36.6 36.6 36.6 36.6 36.6 36.6 36.6 36.6 36.6 36.6 36.6 36.6 36.6 36.6 36.6 36.6 36.6 36.6 36.6 36.6 36.6 36.6 36.6 36.6 36.6 36.6 36.6 36.6 36.6 36.6 36.6 36.6 36.6 36.6 36.6 36.6 36.6 36.6 36.6 36.6 36.6 36.6 36.6 36.6 36.6 36.6 36.6 36.6 36.6 36.6 36.6 36.6 36.6 36.6 36.6 
41.2 41.2 41.2 41.2 41.2 41.2 41.2 41.2 41.2 41.2 41.2 41.2 41.2 41.2 41.2 41.2 41.2 41.2 41.2 41.2 41.2 41.2 41.2 41.2 41.2 41.2 41.2 41.2 41.2 41.2 41.2 41.2 41.2 41.2 41.2 41.2 41.2 41.2 41.2 41.2 41.2 41.2 41.2 41.2 41.2 41.2 41.2 41.2 41.2 41.2 41.2 41.2 41.2 41.2 41.2 41.2 41.2 41.2 41.2 41.2 
27.9 27.9 27.9 27.9 27.9 27.9 27.9 27.9 27.9 27.9 27.9 27.9 27.9 27.9 27.9 27.9 27.9 27.9 27.9 27.9 27.9 27.9 27.9 27.9 27.9 27.9 27.9 27.9 27.9 27.9 27.9 27.9 27.9 27.9 27.9 27.9 27.9 27.9 27.9 27.9 27.9 27.9 27.9 27.9 27.9 27.9 27.9 27.9 27.9 27.9 27.9 27.9 27.9 27.9 27.9 27.9 27.9 27.9 27.9 27.9 
30.9 30.9 30.9 30.9 30.9 30.9 30.9 30.9 30.9 30.9 30.9 30.9 30.9 30.9 30.9 30.9 30.9 30.9 30.9 30.9 30.9 30.9 30.9 30.9 30.9 30.9 30.9 30.9 30.9 30.9 30.9 30.9 30.9 30.9 30.9 30.9 30.9 30.9 30.9 30.9 30.9 30.9 30.9 30.9 30.9 30.9 30.9 30.9 30.9 30.9 30.9 30.9 30.9 30.9 30.9 30.9 30.9 30.9 30.9 30.9 
