100 100 1000 34
395 395 395 395 395 395 395 395 395 395 395 395 395 395 395 395 395 395 395 395 395 395 395 395 395 395 395 395 395 395 395 395 395 395 395 395 395 395 395 395 395 395 395 395 395 395 395 395 395 395 395 395 395 395 395 395 395 395 395 395 395 395 395 395 395 395 395 395 395 395 395 395 395 395 395 395 395 395 395 395 395 395 395 395 395 395 395 395 395 395 395 395 395 395 395 395 395 395 395 395 
394 394 394 394 394 394 394 394 394 394 394 394 394 394 394 394 394 394 394 394 394 394 394 394 394 394 394 394 394 394 394 394 394 394 394 394 394 394 394 394 394 394 394 394 394 394 394 394 394 394 394 394 394 394 394 394 394 394 394 394 394 394 394 394 394 394 394 394 394 394 394 394 394 394 394 394 394 394 394 394 394 394 394 394 394 394 394 394 394 394 394 394 394 394 394 394 394 394 394 394 
394 394 394 394 394 394 394 394 394 394 394 394 394 394 394 394 394 394 394 394 394 394 394 394 394 394 394 394 394 394 394 394 394 394 394 394 394 394 394 394 394 394 394 394 394 394 394 394 394 394 394 394 394 394 394 394 394 394 394 394 394 394 394 394 394 394 394 394 394 394 394 394 394 394 394 394 394 394 394 394 394 394 394 394 394 394 394 394 394 394 394 394 394 394 394 394 394 394 394 394 
393 393 393 393 393 393 393 393 393 393 393 393 393 393 393 393 393 393 393 393 393 393 393 393 393 393 393 393 393 393 393 393 393 393 393 393 393 393 393 393 393 393 393 393 393 393 393 393 393 393 393 393 393 393 393 393 393 393 393 393 393 393 393 393 393 393 393 393 393 393 393 393 393 393 393 393 393 393 393 393 393 393 393 393 393 393 393 393 393 393 393 393 393 393 393 393 393 393 393 393 
391 391 391 391 391 391 391 391 391 391 391 391 391 391 391 391 391 391 391 391 391 391 391 391 391 391 391 391 391 391 391 391 391 391 391 391 391 391 391 391 391 391 391 391 391 391 391 391 391 391 391 391 391 391 391 391 391 391 391 391 391 391 391 391 391 391 391 391 391 391 391 391 391 391 391 391 391 391 391 391 391 391 391 391 391 391 391 391 391 391 391 391 391 391 391 391 391 391 391 391 
390 390 390 390 390 390 390 390 390 390 390 390 390 390 390 390 390 390 390 390 390 390 390 390 390 390 390 390 390 390 390 390 390 390 390 390 390 390 390 390 390 390 390 390 390 390 390 390 390 390 390 390 390 390 390 390 390 390 390 390 390 390 390 390 390 390 390 390 390 390 390 390 390 390 390 390 390 390 390 390 390 390 390 390 390 390 390 390 390 390 390 390 390 390 390 390 390 390 390 390 
389 389 389 389 389 389 389 389 389 389 389 389 389 389 389 389 389 389 389 389 389 389 389 389 389 389 389 389 389 389 389 389 389 389 389 389 389 389 389 389 389 389 389 389 389 389 389 389 389 389 389 389 389 389 389 389 389 389 389 389 389 389 389 389 389 389 389 389 389 389 389 389 389 389 389 389 389 389 389 389 389 389 389 389 389 389 389 389 389 389 389 389 389 389 389 389 389 389 389 389 
386 386 386 386 386 386 386 386 386 386 386 386 386 386 386 386 386 386 386 386 386 386 386 386 386 386 386 386 386 386 386 386 386 386 386 386 386 386 386 386 386 386 386 386 386 386 386 386 386 386 386 386 386 386 386 386 386 386 386 386 386 386 386 386 386 386 386 386 386 386 386 386 386 386 386 386 386 386 386 386 386 386 386 386 386 386 386 386 386 386 386 386 386 386 386 386 386 386 386 386 
386 386 386 386 386 386 386 386 386 386 386 386 386 386 386 386 386 386 386 386 386 386 386 386 386 386 386 386 386 386 386 386 386 386 386 386 386 386 386 386 386 386 386 386 386 386 386 386 386 386 386 386 386 386 386 386 386 386 386 386 386 386 386 386 386 386 386 386 386 386 386 386 386 386 386 386 386 386 386 386 386 386 386 386 386 386 386 386 386 386 386 386 386 386 386 386 386 386 386 386 
384 384 384 384 384 384 384 384 384 384 384 384 384 384 384 384 384 384 384 384 384 384 384 384 384 384 384 384 384 384 384 384 384 384 384 384 384 384 384 384 384 384 384 384 384 384 384 384 384 384 384 384 384 384 384 384 384 384 384 384 384 384 384 384 384 384 384 384 384 384 384 384 384 384 384 384 384 384 384 384 384 384 384 384 384 384 384 384 384 384 384 384 384 384 384 384 384 384 384 384 
383 383 383 383 383 383 383 383 383 383 383 383 383 383 383 383 383 383 383 383 383 383 383 383 383 383 383 383 383 383 383 383 383 383 383 383 383 383 383 383 383 383 383 383 383 383 383 383 383 383 383 383 383 383 383 383 383 383 383 383 383 383 383 383 383 383 383 383 383 383 383 383 383 383 383 383 383 383 383 383 383 383 383 383 383 383 383 383 383 383 383 383 383 383 383 383 383 383 383 383 
377 377 377 377 377 377 377 377 377 377 377 377 377 377 377 377 377 377 377 377 377 377 377 377 377 377 377 377 377 377 377 377 377 377 377 377 377 377 377 377 377 377 377 377 377 377 377 377 377 377 377 377 377 377 377 377 377 377 377 377 377 377 377 377 377 377 377 377 377 377 377 377 377 377 377 377 377 377 377 377 377 377 377 377 377 377 377 377 377 377 377 377 377 377 377 377 377 377 377 377 
376 376 376 376 376 376 376 376 376 376 376 376 376 376 376 376 376 376 376 376 376 376 376 376 376 376 376 376 376 376 376 376 376 376 376 376 376 376 376 376 376 376 376 376 376 376 376 376 376 376 376 376 376 376 376 376 376 376 376 376 376 376 376 376 376 376 376 376 376 376 376 376 376 376 376 376 376 376 376 376 376 376 376 376 376 376 376 376 376 376 376 376 376 376 376 376 376 376 376 376 
371 371 371 371 371 371 371 371 371 371 371 371 371 371 371 371 371 371 371 371 371 371 371 371 371 371 371 371 371 371 371 371 371 371 371 371 371 371 371 371 371 371 371 371 371 371 371 371 371 371 371 371 371 371 371 371 371 371 371 371 371 371 371 371 371 371 371 371 371 371 371 371 371 371 371 371 371 371 371 371 371 371 371 371 371 371 371 371 371 371 371 371 371 371 371 371 371 371 371 371 
369 369 369 369 369 369 369 369 369 369 369 369 369 369 369 369 369 369 369 369 369 369 369 369 369 369 369 369 369 369 369 369 369 369 369 369 369 369 369 369 369 369 369 369 369 369 369 369 369 369 369 369 369 369 369 369 369 369 369 369 369 369 369 369 369 369 369 369 369 369 369 369 369 369 369 369 369 369 369 369 369 369 369 369 369 369 369 369 369 369 369 369 369 369 369 369 369 369 369 369 
368 368 368 368 368 368 368 368 368 368 368 368 368 368 368 368 368 368 368 368 368 368 368 368 368 368 368 368 368 368 368 368 368 368 368 368 368 368 368 368 368 368 368 368 368 368 368 368 368 368 368 368 368 368 368 368 368 368 368 368 368 368 368 368 368 368 368 368 368 368 368 368 368 368 368 368 368 368 368 368 368 368 368 368 368 368 368 368 368 368 368 368 368 368 368 368 368 368 368 368 
367 367 367 367 367 367 367 367 367 367 367 367 367 367 367 367 367 367 367 367 367 367 367 367 367 367 367 367 367 367 367 367 367 367 367 367 367 367 367 367 367 367 367 367 367 367 367 367 367 367 367 367 367 367 367 367 367 367 367 367 367 367 367 367 367 367 367 367 367 367 367 367 367 367 367 367 367 367 367 367 367 367 367 367 367 367 367 367 367 367 367 367 367 367 367 367 367 367 367 367 
367 367 367 367 367 367 367 367 367 367 367 367 367 367 367 367 367 367 367 367 367 367 367 367 367 367 367 367 367 367 367 367 367 367 367 367 367 367 367 367 367 367 367 367 367 367 367 367 367 367 367 367 367 367 367 367 367 367 367 367 367 367 367 367 367 367 367 367 367 367 367 367 367 367 367 367 367 367 367 367 367 367 367 367 367 367 367 367 367 367 367 367 367 367 367 367 367 367 367 367 
366 366 366 366 366 366 366 366 366 366 366 366 366 366 366 366 366 366 366 366 366 366 366 366 366 366 366 366 366 366 366 366 366 366 366 366 366 366 366 366 366 366 366 366 366 366 366 366 366 366 366 366 366 366 366 366 366 366 366 366 366 366 366 366 366 366 366 366 366 366 366 366 366 366 366 366 366 366 366 366 366 366 366 366 366 366 366 366 366 366 366 366 366 366 366 366 366 366 366 366 
365 365 365 365 365 365 365 365 365 365 365 365 365 365 365 365 365 365 365 365 365 365 365 365 365 365 365 365 365 365 365 365 365 365 365 365 365 365 365 365 365 365 365 365 365 365 365 365 365 365 365 365 365 365 365 365 365 365 365 365 365 365 365 365 365 365 365 365 365 365 365 365 365 365 365 365 365 365 365 365 365 365 365 365 365 365 365 365 365 365 365 365 365 365 365 365 365 365 365 365 
362 362 362 362 362 362 362 362 362 362 362 362 362 362 362 362 362 362 362 362 362 362 362 362 362 362 362 362 362 362 362 362 362 362 362 362 362 362 362 362 362 362 362 362 362 362 362 362 362 362 362 362 362 362 362 362 362 362 362 362 362 362 362 362 362 362 362 362 362 362 362 362 362 362 362 362 362 362 362 362 362 362 362 362 362 362 362 362 362 362 362 362 362 362 362 362 362 362 362 362 
362 362 362 362 362 362 362 362 362 362 362 362 362 362 362 362 362 362 362 362 362 362 362 362 362 362 362 362 362 362 362 362 362 362 362 362 362 362 362 362 362 362 362 362 362 362 362 362 362 362 362 362 362 362 362 362 362 362 362 362 362 362 362 362 362 362 362 362 362 362 362 362 362 362 362 362 362 362 362 362 362 362 362 362 362 362 362 362 362 362 362 362 362 362 362 362 362 362 362 362 
361 361 361 361 361 361 361 361 361 361 361 361 361 361 361 361 361 361 361 361 361 361 361 361 361 361 361 361 361 361 361 361 361 361 361 361 361 361 361 361 361 361 361 361 361 361 361 361 361 361 361 361 361 361 361 361 361 361 361 361 361 361 361 361 361 361 361 361 361 361 361 361 361 361 361 361 361 361 361 361 361 361 361 361 361 361 361 361 361 361 361 361 361 361 361 361 361 361 361 361 
360 360 360 360 360 360 360 360 360 360 360 360 360 360 360 360 360 360 360 360 360 360 360 360 360 360 360 360 360 360 360 360 360 360 360 360 360 360 360 360 360 360 360 360 360 360 360 360 360 360 360 360 360 360 360 360 360 360 360 360 360 360 360 360 360 360 360 360 360 360 360 360 360 360 360 360 360 360 360 360 360 360 360 360 360 360 360 360 360 360 360 360 360 360 360 360 360 360 360 360 
359 359 359 359 359 359 359 359 359 359 359 359 359 359 359 359 359 359 359 359 359 359 359 359 359 359 359 359 359 359 359 359 359 359 359 359 359 359 359 359 359 359 359 359 359 359 359 359 359 359 359 359 359 359 359 359 359 359 359 359 359 359 359 359 359 359 359 359 359 359 359 359 359 359 359 359 359 359 359 359 359 359 359 359 359 359 359 359 359 359 359 359 359 359 359 359 359 359 359 359 
359 359 359 359 359 359 359 359 359 359 359 359 359 359 359 359 359 359 359 359 359 359 359 359 359 359 359 359 359 359 359 359 359 359 359 359 359 359 359 359 359 359 359 359 359 359 359 359 359 359 359 359 359 359 359 359 359 359 359 359 359 359 359 359 359 359 359 359 359 359 359 359 359 359 359 359 359 359 359 359 359 359 359 359 359 359 359 359 359 359 359 359 359 359 359 359 359 359 359 359 
359 359 359 359 359 359 359 359 359 359 359 359 359 359 359 359 359 359 359 359 359 359 359 359 359 359 359 359 359 359 359 359 359 359 359 359 359 359 359 359 359 359 359 359 359 359 359 359 359 359 359 359 359 359 359 359 359 359 359 359 359 359 359 359 359 359 359 359 359 359 359 359 359 359 359 359 359 359 359 359 359 359 359 359 359 359 359 359 359 359 359 359 359 359 359 359 359 359 359 359 
355 355 355 355 355 355 355 355 355 355 355 355 355 355 355 355 355 355 355 355 355 355 355 355 355 355 355 355 355 355 355 355 355 355 355 355 355 355 355 355 355 355 355 355 355 355 355 355 355 355 355 355 355 355 355 355 355 355 355 355 355 355 355 355 355 355 355 355 355 355 355 355 355 355 355 355 355 355 355 355 355 355 355 355 355 355 355 355 355 355 355 355 355 355 355 355 355 355 355 355 
353 353 353 353 353 353 353 353 353 353 353 353 353 353 353 353 353 353 353 353 353 353 353 353 353 353 353 353 353 353 353 353 353 353 353 353 353 353 353 353 353 353 353 353 353 353 353 353 353 353 353 353 353 353 353 353 353 353 353 353 353 353 353 353 353 353 353 353 353 353 353 353 353 353 353 353 353 353 353 353 353 353 353 353 353 353 353 353 353 353 353 353 353 353 353 353 353 353 353 353 
350 350 350 350 350 350 350 350 350 350 350 350 350 350 350 350 350 350 350 350 350 350 350 350 350 350 350 350 350 350 350 350 350 350 350 350 350 350 350 350 350 350 350 350 350 350 350 350 350 350 350 350 350 350 350 350 350 350 350 350 350 350 350 350 350 350 350 350 350 350 350 350 350 350 350 350 350 350 350 350 350 350 350 350 350 350 350 350 350 350 350 350 350 350 350 350 350 350 350 350 
350 350 350 350 350 350 350 350 350 350 350 350 350 350 350 350 350 350 350 350 350 350 350 350 350 350 350 350 350 350 350 350 350 350 350 350 350 350 350 350 350 350 350 350 350 350 350 350 350 350 350 350 350 350 350 350 350 350 350 350 350 350 350 350 350 350 350 350 350 350 350 350 350 350 350 350 350 350 350 350 350 350 350 350 350 350 350 350 350 350 350 350 350 350 350 350 350 350 350 350 
349 349 349 349 349 349 349 349 349 349 349 349 349 349 349 349 349 349 349 349 349 349 349 349 349 349 349 349 349 349 349 349 349 349 349 349 349 349 349 349 349 349 349 349 349 349 349 349 349 349 349 349 349 349 349 349 349 349 349 349 349 349 349 349 349 349 349 349 349 349 349 349 349 349 349 349 349 349 349 349 349 349 349 349 349 349 349 349 349 349 349 349 349 349 349 349 349 349 349 349 
349 349 349 349 349 349 349 349 349 349 349 349 349 349 349 349 349 349 349 349 349 349 349 349 349 349 349 349 349 349 349 349 349 349 349 349 349 349 349 349 349 349 349 349 349 349 349 349 349 349 349 349 349 349 349 349 349 349 349 349 349 349 349 349 349 349 349 349 349 349 349 349 349 349 349 349 349 349 349 349 349 349 349 349 349 349 349 349 349 349 349 349 349 349 349 349 349 349 349 349 
349 349 349 349 349 349 349 349 349 349 349 349 349 349 349 349 349 349 349 349 349 349 349 349 349 349 349 349 349 349 349 349 349 349 349 349 349 349 349 349 349 349 349 349 349 349 349 349 349 349 349 349 349 349 349 349 349 349 349 349 349 349 349 349 349 349 349 349 349 349 349 349 349 349 349 349 349 349 349 349 349 349 349 349 349 349 349 349 349 349 349 349 349 349 349 349 349 349 349 349 
345 345 345 345 345 345 345 345 345 345 345 345 345 345 345 345 345 345 345 345 345 345 345 345 345 345 345 345 345 345 345 345 345 345 345 345 345 345 345 345 345 345 345 345 345 345 345 345 345 345 345 345 345 345 345 345 345 345 345 345 345 345 345 345 345 345 345 345 345 345 345 345 345 345 345 345 345 345 345 345 345 345 345 345 345 345 345 345 345 345 345 345 345 345 345 345 345 345 345 345 
343 343 343 343 343 343 343 343 343 343 343 343 343 343 343 343 343 343 343 343 343 343 343 343 343 343 343 343 343 343 343 343 343 343 343 343 343 343 343 343 343 343 343 343 343 343 343 343 343 343 343 343 343 343 343 343 343 343 343 343 343 343 343 343 343 343 343 343 343 343 343 343 343 343 343 343 343 343 343 343 343 343 343 343 343 343 343 343 343 343 343 343 343 343 343 343 343 343 343 343 
342 342 342 342 342 342 342 342 342 342 342 342 342 342 342 342 342 342 342 342 342 342 342 342 342 342 342 342 342 342 342 342 342 342 342 342 342 342 342 342 342 342 342 342 342 342 342 342 342 342 342 342 342 342 342 342 342 342 342 342 342 342 342 342 342 342 342 342 342 342 342 342 342 342 342 342 342 342 342 342 342 342 342 342 342 342 342 342 342 342 342 342 342 342 342 342 342 342 342 342 
342 342 342 342 342 342 342 342 342 342 342 342 342 342 342 342 342 342 342 342 342 342 342 342 342 342 342 342 342 342 342 342 342 342 342 342 342 342 342 342 342 342 342 342 342 342 342 342 342 342 342 342 342 342 342 342 342 342 342 342 342 342 342 342 342 342 342 342 342 342 342 342 342 342 342 342 342 342 342 342 342 342 342 342 342 342 342 342 342 342 342 342 342 342 342 342 342 342 342 342 
340 340 340 340 340 340 340 340 340 340 340 340 340 340 340 340 340 340 340 340 340 340 340 340 340 340 340 340 340 340 340 340 340 340 340 340 340 340 340 340 340 340 340 340 340 340 340 340 340 340 340 340 340 340 340 340 340 340 340 340 340 340 340 340 340 340 340 340 340 340 340 340 340 340 340 340 340 340 340 340 340 340 340 340 340 340 340 340 340 340 340 340 340 340 340 340 340 340 340 340 
340 340 340 340 340 340 340 340 340 340 340 340 340 340 340 340 340 340 340 340 340 340 340 340 340 340 340 340 340 340 340 340 340 340 340 340 340 340 340 340 340 340 340 340 340 340 340 340 340 340 340 340 340 340 340 340 340 340 340 340 340 340 340 340 340 340 340 340 340 340 340 340 340 340 340 340 340 340 340 340 340 340 340 340 340 340 340 340 340 340 340 340 340 340 340 340 340 340 340 340 
339 339 339 339 339 339 339 339 339 339 339 339 339 339 339 339 339 339 339 339 339 339 339 339 339 339 339 339 339 339 339 339 339 339 339 339 339 339 339 339 339 339 339 339 339 339 339 339 339 339 339 339 339 339 339 339 339 339 339 339 339 339 339 339 339 339 339 339 339 339 339 339 339 339 339 339 339 339 339 339 339 339 339 339 339 339 339 339 339 339 339 339 339 339 339 339 339 339 339 339 
338 338 338 338 338 338 338 338 338 338 338 338 338 338 338 338 338 338 338 338 338 338 338 338 338 338 338 338 338 338 338 338 338 338 338 338 338 338 338 338 338 338 338 338 338 338 338 338 338 338 338 338 338 338 338 338 338 338 338 338 338 338 338 338 338 338 338 338 338 338 338 338 338 338 338 338 338 338 338 338 338 338 338 338 338 338 338 338 338 338 338 338 338 338 338 338 338 338 338 338 
336 336 336 336 336 336 336 336 336 336 336 336 336 336 336 336 336 336 336 336 336 336 336 336 336 336 336 336 336 336 336 336 336 336 336 336 336 336 336 336 336 336 336 336 336 336 336 336 336 336 336 336 336 336 336 336 336 336 336 336 336 336 336 336 336 336 336 336 336 336 336 336 336 336 336 336 336 336 336 336 336 336 336 336 336 336 336 336 336 336 336 336 336 336 336 336 336 336 336 336 
335 335 335 335 335 335 335 335 335 335 335 335 335 335 335 335 335 335 335 335 335 335 335 335 335 335 335 335 335 335 335 335 335 335 335 335 335 335 335 335 335 335 335 335 335 335 335 335 335 335 335 335 335 335 335 335 335 335 335 335 335 335 335 335 335 335 335 335 335 335 335 335 335 335 335 335 335 335 335 335 335 335 335 335 335 335 335 335 335 335 335 335 335 335 335 335 335 335 335 335 
332 332 332 332 332 332 332 332 332 332 332 332 332 332 332 332 332 332 332 332 332 332 332 332 332 332 332 332 332 332 332 332 332 332 332 332 332 332 332 332 332 332 332 332 332 332 332 332 332 332 332 332 332 332 332 332 332 332 332 332 332 332 332 332 332 332 332 332 332 332 332 332 332 332 332 332 332 332 332 332 332 332 332 332 332 332 332 332 332 332 332 332 332 332 332 332 332 332 332 332 
329 329 329 329 329 329 329 329 329 329 329 329 329 329 329 329 329 329 329 329 329 329 329 329 329 329 329 329 329 329 329 329 329 329 329 329 329 329 329 329 329 329 329 329 329 329 329 329 329 329 329 329 329 329 329 329 329 329 329 329 329 329 329 329 329 329 329 329 329 329 329 329 329 329 329 329 329 329 329 329 329 329 329 329 329 329 329 329 329 329 329 329 329 329 329 329 329 329 329 329 
328 328 328 328 328 328 328 328 328 328 328 328 328 328 328 328 328 328 328 328 328 328 328 328 328 328 328 328 328 328 328 328 328 328 328 328 328 328 328 328 328 328 328 328 328 328 328 328 328 328 328 328 328 328 328 328 328 328 328 328 328 328 328 328 328 328 328 328 328 328 328 328 328 328 328 328 328 328 328 328 328 328 328 328 328 328 328 328 328 328 328 328 328 328 328 328 328 328 328 328 
327 327 327 327 327 327 327 327 327 327 327 327 327 327 327 327 327 327 327 327 327 327 327 327 327 327 327 327 327 327 327 327 327 327 327 327 327 327 327 327 327 327 327 327 327 327 327 327 327 327 327 327 327 327 327 327 327 327 327 327 327 327 327 327 327 327 327 327 327 327 327 327 327 327 327 327 327 327 327 327 327 327 327 327 327 327 327 327 327 327 327 327 327 327 327 327 327 327 327 327 
327 327 327 327 327 327 327 327 327 327 327 327 327 327 327 327 327 327 327 327 327 327 327 327 327 327 327 327 327 327 327 327 327 327 327 327 327 327 327 327 327 327 327 327 327 327 327 327 327 327 327 327 327 327 327 327 327 327 327 327 327 327 327 327 327 327 327 327 327 327 327 327 327 327 327 327 327 327 327 327 327 327 327 327 327 327 327 327 327 327 327 327 327 327 327 327 327 327 327 327 
327 327 327 327 327 327 327 327 327 327 327 327 327 327 327 327 327 327 327 327 327 327 327 327 327 327 327 327 327 327 327 327 327 327 327 327 327 327 327 327 327 327 327 327 327 327 327 327 327 327 327 327 327 327 327 327 327 327 327 327 327 327 327 327 327 327 327 327 327 327 327 327 327 327 327 327 327 327 327 327 327 327 327 327 327 327 327 327 327 327 327 327 327 327 327 327 327 327 327 327 
323 323 323 323 323 323 323 323 323 323 323 323 323 323 323 323 323 323 323 323 323 323 323 323 323 323 323 323 323 323 323 323 323 323 323 323 323 323 323 323 323 323 323 323 323 323 323 323 323 323 323 323 323 323 323 323 323 323 323 323 323 323 323 323 323 323 323 323 323 323 323 323 323 323 323 323 323 323 323 323 323 323 323 323 323 323 323 323 323 323 323 323 323 323 323 323 323 323 323 323 
321 321 321 321 321 321 321 321 321 321 321 321 321 321 321 321 321 321 321 321 321 321 321 321 321 321 321 321 321 321 321 321 321 321 321 321 321 321 321 321 321 321 321 321 321 321 321 321 321 321 321 321 321 321 321 321 321 321 321 321 321 321 321 321 321 321 321 321 321 321 321 321 321 321 321 321 321 321 321 321 321 321 321 321 321 321 321 321 321 321 321 321 321 321 321 321 321 321 321 321 
320 320 320 320 320 320 320 320 320 320 320 320 320 320 320 320 320 320 320 320 320 320 320 320 320 320 320 320 320 320 320 320 320 320 320 320 320 320 320 320 320 320 320 320 320 320 320 320 320 320 320 320 320 320 320 320 320 320 320 320 320 320 320 320 320 320 320 320 320 320 320 320 320 320 320 320 320 320 320 320 320 320 320 320 320 320 320 320 320 320 320 320 320 320 320 320 320 320 320 320 
316 316 316 316 316 316 316 316 316 316 316 316 316 316 316 316 316 316 316 316 316 316 316 316 316 316 316 316 316 316 316 316 316 316 316 316 316 316 316 316 316 316 316 316 316 316 316 316 316 316 316 316 316 316 316 316 316 316 316 316 316 316 316 316 316 316 316 316 316 316 316 316 316 316 316 316 316 316 316 316 316 316 316 316 316 316 316 316 316 316 316 316 316 316 316 316 316 316 316 316 
315 315 315 315 315 315 315 315 315 315 315 315 315 315 315 315 315 315 315 315 315 315 315 315 315 315 315 315 315 315 315 315 315 315 315 315 315 315 315 315 315 315 315 315 315 315 315 315 315 315 315 315 315 315 315 315 315 315 315 315 315 315 315 315 315 315 315 315 315 315 315 315 315 315 315 315 315 315 315 315 315 315 315 315 315 315 315 315 315 315 315 315 315 315 315 315 315 315 315 315 
312 312 312 312 312 312 312 312 312 312 312 312 312 312 312 312 312 312 312 312 312 312 312 312 312 312 312 312 312 312 312 312 312 312 312 312 312 312 312 312 312 312 312 312 312 312 312 312 312 312 312 312 312 312 312 312 312 312 312 312 312 312 312 312 312 312 312 312 312 312 312 312 312 312 312 312 312 312 312 312 312 312 312 312 312 312 312 312 312 312 312 312 312 312 312 312 312 312 312 312 
312 312 312 312 312 312 312 312 312 312 312 312 312 312 312 312 312 312 312 312 312 312 312 312 312 312 312 312 312 312 312 312 312 312 312 312 312 312 312 312 312 312 312 312 312 312 312 312 312 312 312 312 312 312 312 312 312 312 312 312 312 312 312 312 312 312 312 312 312 312 312 312 312 312 312 312 312 312 312 312 312 312 312 312 312 312 312 312 312 312 312 312 312 312 312 312 312 312 312 312 
311 311 311 311 311 311 311 311 311 311 311 311 311 311 311 311 311 311 311 311 311 311 311 311 311 311 311 311 311 311 311 311 311 311 311 311 311 311 311 311 311 311 311 311 311 311 311 311 311 311 311 311 311 311 311 311 311 311 311 311 311 311 311 311 311 311 311 311 311 311 311 311 311 311 311 311 311 311 311 311 311 311 311 311 311 311 311 311 311 311 311 311 311 311 311 311 311 311 311 311 
311 311 311 311 311 311 311 311 311 311 311 311 311 311 311 311 311 311 311 311 311 311 311 311 311 311 311 311 311 311 311 311 311 311 311 311 311 311 311 311 311 311 311 311 311 311 311 311 311 311 311 311 311 311 311 311 311 311 311 311 311 311 311 311 311 311 311 311 311 311 311 311 311 311 311 311 311 311 311 311 311 311 311 311 311 311 311 311 311 311 311 311 311 311 311 311 311 311 311 311 
310 310 310 310 310 310 310 310 310 310 310 310 310 310 310 310 310 310 310 310 310 310 310 310 310 310 310 310 310 310 310 310 310 310 310 310 310 310 310 310 310 310 310 310 310 310 310 310 310 310 310 310 310 310 310 310 310 310 310 310 310 310 310 310 310 310 310 310 310 310 310 310 310 310 310 310 310 310 310 310 310 310 310 310 310 310 310 310 310 310 310 310 310 310 310 310 310 310 310 310 
310 310 310 310 310 310 310 310 310 310 310 310 310 310 310 310 310 310 310 310 310 310 310 310 310 310 310 310 310 310 310 310 310 310 310 310 310 310 310 310 310 310 310 310 310 310 310 310 310 310 310 310 310 310 310 310 310 310 310 310 310 310 310 310 310 310 310 310 310 310 310 310 310 310 310 310 310 310 310 310 310 310 310 310 310 310 310 310 310 310 310 310 310 310 310 310 310 310 310 310 
309 309 309 309 309 309 309 309 309 309 309 309 309 309 309 309 309 309 309 309 309 309 309 309 309 309 309 309 309 309 309 309 309 309 309 309 309 309 309 309 309 309 309 309 309 309 309 309 309 309 309 309 309 309 309 309 309 309 309 309 309 309 309 309 309 309 309 309 309 309 309 309 309 309 309 309 309 309 309 309 309 309 309 309 309 309 309 309 309 309 309 309 309 309 309 309 309 309 309 309 
308 308 308 308 308 308 308 308 308 308 308 308 308 308 308 308 308 308 308 308 308 308 308 308 308 308 308 308 308 308 308 308 308 308 308 308 308 308 308 308 308 308 308 308 308 308 308 308 308 308 308 308 308 308 308 308 308 308 308 308 308 308 308 308 308 308 308 308 308 308 308 308 308 308 308 308 308 308 308 308 308 308 308 308 308 308 308 308 308 308 308 308 308 308 308 308 308 308 308 308 
306 306 306 306 306 306 306 306 306 306 306 306 306 306 306 306 306 306 306 306 306 306 306 306 306 306 306 306 306 306 306 306 306 306 306 306 306 306 306 306 306 306 306 306 306 306 306 306 306 306 306 306 306 306 306 306 306 306 306 306 306 306 306 306 306 306 306 306 306 306 306 306 306 306 306 306 306 306 306 306 306 306 306 306 306 306 306 306 306 306 306 306 306 306 306 306 306 306 306 306 
305 305 305 305 305 305 305 305 305 305 305 305 305 305 305 305 305 305 305 305 305 305 305 305 305 305 305 305 305 305 305 305 305 305 305 305 305 305 305 305 305 305 305 305 305 305 305 305 305 305 305 305 305 305 305 305 305 305 305 305 305 305 305 305 305 305 305 305 305 305 305 305 305 305 305 305 305 305 305 305 305 305 305 305 305 305 305 305 305 305 305 305 305 305 305 305 305 305 305 305 
303 303 303 303 303 303 303 303 303 303 303 303 303 303 303 303 303 303 303 303 303 303 303 303 303 303 303 303 303 303 303 303 303 303 303 303 303 303 303 303 303 303 303 303 303 303 303 303 303 303 303 303 303 303 303 303 303 303 303 303 303 303 303 303 303 303 303 303 303 303 303 303 303 303 303 303 303 303 303 303 303 303 303 303 303 303 303 303 303 303 303 303 303 303 303 303 303 303 303 303 
303 303 303 303 303 303 303 303 303 303 303 303 303 303 303 303 303 303 303 303 303 303 303 303 303 303 303 303 303 303 303 303 303 303 303 303 303 303 303 303 303 303 303 303 303 303 303 303 303 303 303 303 303 303 303 303 303 303 303 303 303 303 303 303 303 303 303 303 303 303 303 303 303 303 303 303 303 303 303 303 303 303 303 303 303 303 303 303 303 303 303 303 303 303 303 303 303 303 303 303 
302 302 302 302 302 302 302 302 302 302 302 302 302 302 302 302 302 302 302 302 302 302 302 302 302 302 302 302 302 302 302 302 302 302 302 302 302 302 302 302 302 302 302 302 302 302 302 302 302 302 302 302 302 302 302 302 302 302 302 302 302 302 302 302 302 302 302 302 302 302 302 302 302 302 302 302 302 302 302 302 302 302 302 302 302 302 302 302 302 302 302 302 302 302 302 302 302 302 302 302 
302 302 302 302 302 302 302 302 302 302 302 302 302 302 302 302 302 302 302 302 302 302 302 302 302 302 302 302 302 302 302 302 302 302 302 302 302 302 302 302 302 302 302 302 302 302 302 302 302 302 302 302 302 302 302 302 302 302 302 302 302 302 302 302 302 302 302 302 302 302 302 302 302 302 302 302 302 302 302 302 302 302 302 302 302 302 302 302 302 302 302 302 302 302 302 302 302 302 302 302 
297 297 297 297 297 297 297 297 297 297 297 297 297 297 297 297 297 297 297 297 297 297 297 297 297 297 297 297 297 297 297 297 297 297 297 297 297 297 297 297 297 297 297 297 297 297 297 297 297 297 297 297 297 297 297 297 297 297 297 297 297 297 297 297 297 297 297 297 297 297 297 297 297 297 297 297 297 297 297 297 297 297 297 297 297 297 297 297 297 297 297 297 297 297 297 297 297 297 297 297 
297 297 297 297 297 297 297 297 297 297 297 297 297 297 297 297 297 297 297 297 297 297 297 297 297 297 297 297 297 297 297 297 297 297 297 297 297 297 297 297 297 297 297 297 297 297 297 297 297 297 297 297 297 297 297 297 297 297 297 297 297 297 297 297 297 297 297 297 297 297 297 297 297 297 297 297 297 297 297 297 297 297 297 297 297 297 297 297 297 297 297 297 297 297 297 297 297 297 297 297 
296 296 296 296 296 296 296 296 296 296 296 296 296 296 296 296 296 296 296 296 296 296 296 296 296 296 296 296 296 296 296 296 296 296 296 296 296 296 296 296 296 296 296 296 296 296 296 296 296 296 296 296 296 296 296 296 296 296 296 296 296 296 296 296 296 296 296 296 296 296 296 296 296 296 296 296 296 296 296 296 296 296 296 296 296 296 296 296 296 296 296 296 296 296 296 296 296 296 296 296 
295 295 295 295 295 295 295 295 295 295 295 295 295 295 295 295 295 295 295 295 295 295 295 295 295 295 295 295 295 295 295 295 295 295 295 295 295 295 295 295 295 295 295 295 295 295 295 295 295 295 295 295 295 295 295 295 295 295 295 295 295 295 295 295 295 295 295 295 295 295 295 295 295 295 295 295 295 295 295 295 295 295 295 295 295 295 295 295 295 295 295 295 295 295 295 295 295 295 295 295 
294 294 294 294 294 294 294 294 294 294 294 294 294 294 294 294 294 294 294 294 294 294 294 294 294 294 294 294 294 294 294 294 294 294 294 294 294 294 294 294 294 294 294 294 294 294 294 294 294 294 294 294 294 294 294 294 294 294 294 294 294 294 294 294 294 294 294 294 294 294 294 294 294 294 294 294 294 294 294 294 294 294 294 294 294 294 294 294 294 294 294 294 294 294 294 294 294 294 294 294 
294 294 294 294 294 294 294 294 294 294 294 294 294 294 294 294 294 294 294 294 294 294 294 294 294 294 294 294 294 294 294 294 294 294 294 294 294 294 294 294 294 294 294 294 294 294 294 294 294 294 294 294 294 294 294 294 294 294 294 294 294 294 294 294 294 294 294 294 294 294 294 294 294 294 294 294 294 294 294 294 294 294 294 294 294 294 294 294 294 294 294 294 294 294 294 294 294 294 294 294 
292 292 292 292 292 292 292 292 292 292 292 292 292 292 292 292 292 292 292 292 292 292 292 292 292 292 292 292 292 292 292 292 292 292 292 292 292 292 292 292 292 292 292 292 292 292 292 292 292 292 292 292 292 292 292 292 292 292 292 292 292 292 292 292 292 292 292 292 292 292 292 292 292 292 292 292 292 292 292 292 292 292 292 292 292 292 292 292 292 292 292 292 292 292 292 292 292 292 292 292 
292 292 292 292 292 292 292 292 292 292 292 292 292 292 292 292 292 292 292 292 292 292 292 292 292 292 292 292 292 292 292 292 292 292 292 292 292 292 292 292 292 292 292 292 292 292 292 292 292 292 292 292 292 292 292 292 292 292 292 292 292 292 292 292 292 292 292 292 292 292 292 292 292 292 292 292 292 292 292 292 292 292 292 292 292 292 292 292 292 292 292 292 292 292 292 292 292 292 292 292 
292 292 292 292 292 292 292 292 292 292 292 292 292 292 292 292 292 292 292 292 292 292 292 292 292 292 292 292 292 292 292 292 292 292 292 292 292 292 292 292 292 292 292 292 292 292 292 292 292 292 292 292 292 292 292 292 292 292 292 292 292 292 292 292 292 292 292 292 292 292 292 292 292 292 292 292 292 292 292 292 292 292 292 292 292 292 292 292 292 292 292 292 292 292 292 292 292 292 292 292 
288 288 288 288 288 288 288 288 288 288 288 288 288 288 288 288 288 288 288 288 288 288 288 288 288 288 288 288 288 288 288 288 288 288 288 288 288 288 288 288 288 288 288 288 288 288 288 288 288 288 288 288 288 288 288 288 288 288 288 288 288 288 288 288 288 288 288 288 288 288 288 288 288 288 288 288 288 288 288 288 288 288 288 288 288 288 288 288 288 288 288 288 288 288 288 288 288 288 288 288 
287 287 287 287 287 287 287 287 287 287 287 287 287 287 287 287 287 287 287 287 287 287 287 287 287 287 287 287 287 287 287 287 287 287 287 287 287 287 287 287 287 287 287 287 287 287 287 287 287 287 287 287 287 287 287 287 287 287 287 287 287 287 287 287 287 287 287 287 287 287 287 287 287 287 287 287 287 287 287 287 287 287 287 287 287 287 287 287 287 287 287 287 287 287 287 287 287 287 287 287 
287 287 287 287 287 287 287 287 287 287 287 287 287 287 287 287 287 287 287 287 287 287 287 287 287 287 287 287 287 287 287 287 287 287 287 287 287 287 287 287 287 287 287 287 287 287 287 287 287 287 287 287 287 287 287 287 287 287 287 287 287 287 287 287 287 287 287 287 287 287 287 287 287 287 287 287 287 287 287 287 287 287 287 287 287 287 287 287 287 287 287 287 287 287 287 287 287 287 287 287 
287 287 287 287 287 287 287 287 287 287 287 287 287 287 287 287 287 287 287 287 287 287 287 287 287 287 287 287 287 287 287 287 287 287 287 287 287 287 287 287 287 287 287 287 287 287 287 287 287 287 287 287 287 287 287 287 287 287 287 287 287 287 287 287 287 287 287 287 287 287 287 287 287 287 287 287 287 287 287 287 287 287 287 287 287 287 287 287 287 287 287 287 287 287 287 287 287 287 287 287 
284 284 284 284 284 284 284 284 284 284 284 284 284 284 284 284 284 284 284 284 284 284 284 284 284 284 284 284 284 284 284 284 284 284 284 284 284 284 284 284 284 284 284 284 284 284 284 284 284 284 284 284 284 284 284 284 284 284 284 284 284 284 284 284 284 284 284 284 284 284 284 284 284 284 284 284 284 284 284 284 284 284 284 284 284 284 284 284 284 284 284 284 284 284 284 284 284 284 284 284 
282 282 282 282 282 282 282 282 282 282 282 282 282 282 282 282 282 282 282 282 282 282 282 282 282 282 282 282 282 282 282 282 282 282 282 282 282 282 282 282 282 282 282 282 282 282 282 282 282 282 282 282 282 282 282 282 282 282 282 282 282 282 282 282 282 282 282 282 282 282 282 282 282 282 282 282 282 282 282 282 282 282 282 282 282 282 282 282 282 282 282 282 282 282 282 282 282 282 282 282 
282 282 282 282 282 282 282 282 282 282 282 282 282 282 282 282 282 282 282 282 282 282 282 282 282 282 282 282 282 282 282 282 282 282 282 282 282 282 282 282 282 282 282 282 282 282 282 282 282 282 282 282 282 282 282 282 282 282 282 282 282 282 282 282 282 282 282 282 282 282 282 282 282 282 282 282 282 282 282 282 282 282 282 282 282 282 282 282 282 282 282 282 282 282 282 282 282 282 282 282 
282 282 282 282 282 282 282 282 282 282 282 282 282 282 282 282 282 282 282 282 282 282 282 282 282 282 282 282 282 282 282 282 282 282 282 282 282 282 282 282 282 282 282 282 282 282 282 282 282 282 282 282 282 282 282 282 282 282 282 282 282 282 282 282 282 282 282 282 282 282 282 282 282 282 282 282 282 282 282 282 282 282 282 282 282 282 282 282 282 282 282 282 282 282 282 282 282 282 282 282 
282 282 282 282 282 282 282 282 282 282 282 282 282 282 282 282 282 282 282 282 282 282 282 282 282 282 282 282 282 282 282 282 282 282 282 282 282 282 282 282 282 282 282 282 282 282 282 282 282 282 282 282 282 282 282 282 282 282 282 282 282 282 282 282 282 282 282 282 282 282 282 282 282 282 282 282 282 282 282 282 282 282 282 282 282 282 282 282 282 282 282 282 282 282 282 282 282 282 282 282 
282 282 282 282 282 282 282 282 282 282 282 282 282 282 282 282 282 282 282 282 282 282 282 282 282 282 282 282 282 282 282 282 282 282 282 282 282 282 282 282 282 282 282 282 282 282 282 282 282 282 282 282 282 282 282 282 282 282 282 282 282 282 282 282 282 282 282 282 282 282 282 282 282 282 282 282 282 282 282 282 282 282 282 282 282 282 282 282 282 282 282 282 282 282 282 282 282 282 282 282 
281 281 281 281 281 281 281 281 281 281 281 281 281 281 281 281 281 281 281 281 281 281 281 281 281 281 281 281 281 281 281 281 281 281 281 281 281 281 281 281 281 281 281 281 281 281 281 281 281 281 281 281 281 281 281 281 281 281 281 281 281 281 281 281 281 281 281 281 281 281 281 281 281 281 281 281 281 281 281 281 281 281 281 281 281 281 281 281 281 281 281 281 281 281 281 281 281 281 281 281 
278 278 278 278 278 278 278 278 278 278 278 278 278 278 278 278 278 278 278 278 278 278 278 278 278 278 278 278 278 278 278 278 278 278 278 278 278 278 278 278 278 278 278 278 278 278 278 278 278 278 278 278 278 278 278 278 278 278 278 278 278 278 278 278 278 278 278 278 278 278 278 278 278 278 278 278 278 278 278 278 278 278 278 278 278 278 278 278 278 278 278 278 278 278 278 278 278 278 278 278 
278 278 278 278 278 278 278 278 278 278 278 278 278 278 278 278 278 278 278 278 278 278 278 278 278 278 278 278 278 278 278 278 278 278 278 278 278 278 278 278 278 278 278 278 278 278 278 278 278 278 278 278 278 278 278 278 278 278 278 278 278 278 278 278 278 278 278 278 278 278 278 278 278 278 278 278 278 278 278 278 278 278 278 278 278 278 278 278 278 278 278 278 278 278 278 278 278 278 278 278 
277 277 277 277 277 277 277 277 277 277 277 277 277 277 277 277 277 277 277 277 277 277 277 277 277 277 277 277 277 277 277 277 277 277 277 277 277 277 277 277 277 277 277 277 277 277 277 277 277 277 277 277 277 277 277 277 277 277 277 277 277 277 277 277 277 277 277 277 277 277 277 277 277 277 277 277 277 277 277 277 277 277 277 277 277 277 277 277 277 277 277 277 277 277 277 277 277 277 277 277 
273 273 273 273 273 273 273 273 273 273 273 273 273 273 273 273 273 273 273 273 273 273 273 273 273 273 273 273 273 273 273 273 273 273 273 273 273 273 273 273 273 273 273 273 273 273 273 273 273 273 273 273 273 273 273 273 273 273 273 273 273 273 273 273 273 273 273 273 273 273 273 273 273 273 273 273 273 273 273 273 273 273 273 273 273 273 273 273 273 273 273 273 273 273 273 273 273 273 273 273 
272 272 272 272 272 272 272 272 272 272 272 272 272 272 272 272 272 272 272 272 272 272 272 272 272 272 272 272 272 272 272 272 272 272 272 272 272 272 272 272 272 272 272 272 272 272 272 272 272 272 272 272 272 272 272 272 272 272 272 272 272 272 272 272 272 272 272 272 272 272 272 272 272 272 272 272 272 272 272 272 272 272 272 272 272 272 272 272 272 272 272 272 272 272 272 272 272 272 272 272 
272 272 272 272 272 272 272 272 272 272 272 272 272 272 272 272 272 272 272 272 272 272 272 272 272 272 272 272 272 272 272 272 272 272 272 272 272 272 272 272 272 272 272 272 272 272 272 272 272 272 272 272 272 272 272 272 272 272 272 272 272 272 272 272 272 272 272 272 272 272 272 272 272 272 272 272 272 272 272 272 272 272 272 272 272 272 272 272 272 272 272 272 272 272 272 272 272 272 272 272 
270 270 270 270 270 270 270 270 270 270 270 270 270 270 270 270 270 270 270 270 270 270 270 270 270 270 270 270 270 270 270 270 270 270 270 270 270 270 270 270 270 270 270 270 270 270 270 270 270 270 270 270 270 270 270 270 270 270 270 270 270 270 270 270 270 270 270 270 270 270 270 270 270 270 270 270 270 270 270 270 270 270 270 270 270 270 270 270 270 270 270 270 270 270 270 270 270 270 270 270 
270 270 270 270 270 270 270 270 270 270 270 270 270 270 270 270 270 270 270 270 270 270 270 270 270 270 270 270 270 270 270 270 270 270 270 270 270 270 270 270 270 270 270 270 270 270 270 270 270 270 270 270 270 270 270 270 270 270 270 270 270 270 270 270 270 270 270 270 270 270 270 270 270 270 270 270 270 270 270 270 270 270 270 270 270 270 270 270 270 270 270 270 270 270 270 270 270 270 270 270 
269 269 269 269 269 269 269 269 269 269 269 269 269 269 269 269 269 269 269 269 269 269 269 269 269 269 269 269 269 269 269 269 269 269 269 269 269 269 269 269 269 269 269 269 269 269 269 269 269 269 269 269 269 269 269 269 269 269 269 269 269 269 269 269 269 269 269 269 269 269 269 269 269 269 269 269 269 269 269 269 269 269 269 269 269 269 269 269 269 269 269 269 269 269 269 269 269 269 269 269 
268 268 268 268 268 268 268 268 268 268 268 268 268 268 268 268 268 268 268 268 268 268 268 268 268 268 268 268 268 268 268 268 268 268 268 268 268 268 268 268 268 268 268 268 268 268 268 268 268 268 268 268 268 268 268 268 268 268 268 268 268 268 268 268 268 268 268 268 268 268 268 268 268 268 268 268 268 268 268 268 268 268 268 268 268 268 268 268 268 268 268 268 268 268 268 268 268 268 268 268 
268 268 268 268 268 268 268 268 268 268 268 268 268 268 268 268 268 268 268 268 268 268 268 268 268 268 268 268 268 268 268 268 268 268 268 268 268 268 268 268 268 268 268 268 268 268 268 268 268 268 268 268 268 268 268 268 268 268 268 268 268 268 268 268 268 268 268 268 268 268 268 268 268 268 268 268 268 268 268 268 268 268 268 268 268 268 268 268 268 268 268 268 268 268 268 268 268 268 268 268 
