100 100 1000 21
299 299 299 299 299 299 299 299 299 299 299 299 299 299 299 299 299 299 299 299 299 299 299 299 299 299 299 299 299 299 299 299 299 299 299 299 299 299 299 299 299 299 299 299 299 299 299 299 299 299 299 299 299 299 299 299 299 299 299 299 299 299 299 299 299 299 299 299 299 299 299 299 299 299 299 299 299 299 299 299 299 299 299 299 299 299 299 299 299 299 299 299 299 299 299 299 299 299 299 299 
298 298 298 298 298 298 298 298 298 298 298 298 298 298 298 298 298 298 298 298 298 298 298 298 298 298 298 298 298 298 298 298 298 298 298 298 298 298 298 298 298 298 298 298 298 298 298 298 298 298 298 298 298 298 298 298 298 298 298 298 298 298 298 298 298 298 298 298 298 298 298 298 298 298 298 298 298 298 298 298 298 298 298 298 298 298 298 298 298 298 298 298 298 298 298 298 298 298 298 298 
295 295 295 295 295 295 295 295 295 295 295 295 295 295 295 295 295 295 295 295 295 295 295 295 295 295 295 295 295 295 295 295 295 295 295 295 295 295 295 295 295 295 295 295 295 295 295 295 295 295 295 295 295 295 295 295 295 295 295 295 295 295 295 295 295 295 295 295 295 295 295 295 295 295 295 295 295 295 295 295 295 295 295 295 295 295 295 295 295 295 295 295 295 295 295 295 295 295 295 295 
293 293 293 293 293 293 293 293 293 293 293 293 293 293 293 293 293 293 293 293 293 293 293 293 293 293 293 293 293 293 293 293 293 293 293 293 293 293 293 293 293 293 293 293 293 293 293 293 293 293 293 293 293 293 293 293 293 293 293 293 293 293 293 293 293 293 293 293 293 293 293 293 293 293 293 293 293 293 293 293 293 293 293 293 293 293 293 293 293 293 293 293 293 293 293 293 293 293 293 293 
293 293 293 293 293 293 293 293 293 293 293 293 293 293 293 293 293 293 293 293 293 293 293 293 293 293 293 293 293 293 293 293 293 293 293 293 293 293 293 293 293 293 293 293 293 293 293 293 293 293 293 293 293 293 293 293 293 293 293 293 293 293 293 293 293 293 293 293 293 293 293 293 293 293 293 293 293 293 293 293 293 293 293 293 293 293 293 293 293 293 293 293 293 293 293 293 293 293 293 293 
291 291 291 291 291 291 291 291 291 291 291 291 291 291 291 291 291 291 291 291 291 291 291 291 291 291 291 291 291 291 291 291 291 291 291 291 291 291 291 291 291 291 291 291 291 291 291 291 291 291 291 291 291 291 291 291 291 291 291 291 291 291 291 291 291 291 291 291 291 291 291 291 291 291 291 291 291 291 291 291 291 291 291 291 291 291 291 291 291 291 291 291 291 291 291 291 291 291 291 291 
290 290 290 290 290 290 290 290 290 290 290 290 290 290 290 290 290 290 290 290 290 290 290 290 290 290 290 290 290 290 290 290 290 290 290 290 290 290 290 290 290 290 290 290 290 290 290 290 290 290 290 290 290 290 290 290 290 290 290 290 290 290 290 290 290 290 290 290 290 290 290 290 290 290 290 290 290 290 290 290 290 290 290 290 290 290 290 290 290 290 290 290 290 290 290 290 290 290 290 290 
289 289 289 289 289 289 289 289 289 289 289 289 289 289 289 289 289 289 289 289 289 289 289 289 289 289 289 289 289 289 289 289 289 289 289 289 289 289 289 289 289 289 289 289 289 289 289 289 289 289 289 289 289 289 289 289 289 289 289 289 289 289 289 289 289 289 289 289 289 289 289 289 289 289 289 289 289 289 289 289 289 289 289 289 289 289 289 289 289 289 289 289 289 289 289 289 289 289 289 289 
288 288 288 288 288 288 288 288 288 288 288 288 288 288 288 288 288 288 288 288 288 288 288 288 288 288 288 288 288 288 288 288 288 288 288 288 288 288 288 288 288 288 288 288 288 288 288 288 288 288 288 288 288 288 288 288 288 288 288 288 288 288 288 288 288 288 288 288 288 288 288 288 288 288 288 288 288 288 288 288 288 288 288 288 288 288 288 288 288 288 288 288 288 288 288 288 288 288 288 288 
288 288 288 288 288 288 288 288 288 288 288 288 288 288 288 288 288 288 288 288 288 288 288 288 288 288 288 288 288 288 288 288 288 288 288 288 288 288 288 288 288 288 288 288 288 288 288 288 288 288 288 288 288 288 288 288 288 288 288 288 288 288 288 288 288 288 288 288 288 288 288 288 288 288 288 288 288 288 288 288 288 288 288 288 288 288 288 288 288 288 288 288 288 288 288 288 288 288 288 288 
282 282 282 282 282 282 282 282 282 282 282 282 282 282 282 282 282 282 282 282 282 282 282 282 282 282 282 282 282 282 282 282 282 282 282 282 282 282 282 282 282 282 282 282 282 282 282 282 282 282 282 282 282 282 282 282 282 282 282 282 282 282 282 282 282 282 282 282 282 282 282 282 282 282 282 282 282 282 282 282 282 282 282 282 282 282 282 282 282 282 282 282 282 282 282 282 282 282 282 282 
282 282 282 282 282 282 282 282 282 282 282 282 282 282 282 282 282 282 282 282 282 282 282 282 282 282 282 282 282 282 282 282 282 282 282 282 282 282 282 282 282 282 282 282 282 282 282 282 282 282 282 282 282 282 282 282 282 282 282 282 282 282 282 282 282 282 282 282 282 282 282 282 282 282 282 282 282 282 282 282 282 282 282 282 282 282 282 282 282 282 282 282 282 282 282 282 282 282 282 282 
281 281 281 281 281 281 281 281 281 281 281 281 281 281 281 281 281 281 281 281 281 281 281 281 281 281 281 281 281 281 281 281 281 281 281 281 281 281 281 281 281 281 281 281 281 281 281 281 281 281 281 281 281 281 281 281 281 281 281 281 281 281 281 281 281 281 281 281 281 281 281 281 281 281 281 281 281 281 281 281 281 281 281 281 281 281 281 281 281 281 281 281 281 281 281 281 281 281 281 281 
281 281 281 281 281 281 281 281 281 281 281 281 281 281 281 281 281 281 281 281 281 281 281 281 281 281 281 281 281 281 281 281 281 281 281 281 281 281 281 281 281 281 281 281 281 281 281 281 281 281 281 281 281 281 281 281 281 281 281 281 281 281 281 281 281 281 281 281 281 281 281 281 281 281 281 281 281 281 281 281 281 281 281 281 281 281 281 281 281 281 281 281 281 281 281 281 281 281 281 281 
280 280 280 280 280 280 280 280 280 280 280 280 280 280 280 280 280 280 280 280 280 280 280 280 280 280 280 280 280 280 280 280 280 280 280 280 280 280 280 280 280 280 280 280 280 280 280 280 280 280 280 280 280 280 280 280 280 280 280 280 280 280 280 280 280 280 280 280 280 280 280 280 280 280 280 280 280 280 280 280 280 280 280 280 280 280 280 280 280 280 280 280 280 280 280 280 280 280 280 280 
280 280 280 280 280 280 280 280 280 280 280 280 280 280 280 280 280 280 280 280 280 280 280 280 280 280 280 280 280 280 280 280 280 280 280 280 280 280 280 280 280 280 280 280 280 280 280 280 280 280 280 280 280 280 280 280 280 280 280 280 280 280 280 280 280 280 280 280 280 280 280 280 280 280 280 280 280 280 280 280 280 280 280 280 280 280 280 280 280 280 280 280 280 280 280 280 280 280 280 280 
279 279 279 279 279 279 279 279 279 279 279 279 279 279 279 279 279 279 279 279 279 279 279 279 279 279 279 279 279 279 279 279 279 279 279 279 279 279 279 279 279 279 279 279 279 279 279 279 279 279 279 279 279 279 279 279 279 279 279 279 279 279 279 279 279 279 279 279 279 279 279 279 279 279 279 279 279 279 279 279 279 279 279 279 279 279 279 279 279 279 279 279 279 279 279 279 279 279 279 279 
279 279 279 279 279 279 279 279 279 279 279 279 279 279 279 279 279 279 279 279 279 279 279 279 279 279 279 279 279 279 279 279 279 279 279 279 279 279 279 279 279 279 279 279 279 279 279 279 279 279 279 279 279 279 279 279 279 279 279 279 279 279 279 279 279 279 279 279 279 279 279 279 279 279 279 279 279 279 279 279 279 279 279 279 279 279 279 279 279 279 279 279 279 279 279 279 279 279 279 279 
278 278 278 278 278 278 278 278 278 278 278 278 278 278 278 278 278 278 278 278 278 278 278 278 278 278 278 278 278 278 278 278 278 278 278 278 278 278 278 278 278 278 278 278 278 278 278 278 278 278 278 278 278 278 278 278 278 278 278 278 278 278 278 278 278 278 278 278 278 278 278 278 278 278 278 278 278 278 278 278 278 278 278 278 278 278 278 278 278 278 278 278 278 278 278 278 278 278 278 278 
275 275 275 275 275 275 275 275 275 275 275 275 275 275 275 275 275 275 275 275 275 275 275 275 275 275 275 275 275 275 275 275 275 275 275 275 275 275 275 275 275 275 275 275 275 275 275 275 275 275 275 275 275 275 275 275 275 275 275 275 275 275 275 275 275 275 275 275 275 275 275 275 275 275 275 275 275 275 275 275 275 275 275 275 275 275 275 275 275 275 275 275 275 275 275 275 275 275 275 275 
274 274 274 274 274 274 274 274 274 274 274 274 274 274 274 274 274 274 274 274 274 274 274 274 274 274 274 274 274 274 274 274 274 274 274 274 274 274 274 274 274 274 274 274 274 274 274 274 274 274 274 274 274 274 274 274 274 274 274 274 274 274 274 274 274 274 274 274 274 274 274 274 274 274 274 274 274 274 274 274 274 274 274 274 274 274 274 274 274 274 274 274 274 274 274 274 274 274 274 274 
271 271 271 271 271 271 271 271 271 271 271 271 271 271 271 271 271 271 271 271 271 271 271 271 271 271 271 271 271 271 271 271 271 271 271 271 271 271 271 271 271 271 271 271 271 271 271 271 271 271 271 271 271 271 271 271 271 271 271 271 271 271 271 271 271 271 271 271 271 271 271 271 271 271 271 271 271 271 271 271 271 271 271 271 271 271 271 271 271 271 271 271 271 271 271 271 271 271 271 271 
271 271 271 271 271 271 271 271 271 271 271 271 271 271 271 271 271 271 271 271 271 271 271 271 271 271 271 271 271 271 271 271 271 271 271 271 271 271 271 271 271 271 271 271 271 271 271 271 271 271 271 271 271 271 271 271 271 271 271 271 271 271 271 271 271 271 271 271 271 271 271 271 271 271 271 271 271 271 271 271 271 271 271 271 271 271 271 271 271 271 271 271 271 271 271 271 271 271 271 271 
270 270 270 270 270 270 270 270 270 270 270 270 270 270 270 270 270 270 270 270 270 270 270 270 270 270 270 270 270 270 270 270 270 270 270 270 270 270 270 270 270 270 270 270 270 270 270 270 270 270 270 270 270 270 270 270 270 270 270 270 270 270 270 270 270 270 270 270 270 270 270 270 270 270 270 270 270 270 270 270 270 270 270 270 270 270 270 270 270 270 270 270 270 270 270 270 270 270 270 270 
267 267 267 267 267 267 267 267 267 267 267 267 267 267 267 267 267 267 267 267 267 267 267 267 267 267 267 267 267 267 267 267 267 267 267 267 267 267 267 267 267 267 267 267 267 267 267 267 267 267 267 267 267 267 267 267 267 267 267 267 267 267 267 267 267 267 267 267 267 267 267 267 267 267 267 267 267 267 267 267 267 267 267 267 267 267 267 267 267 267 267 267 267 267 267 267 267 267 267 267 
267 267 267 267 267 267 267 267 267 267 267 267 267 267 267 267 267 267 267 267 267 267 267 267 267 267 267 267 267 267 267 267 267 267 267 267 267 267 267 267 267 267 267 267 267 267 267 267 267 267 267 267 267 267 267 267 267 267 267 267 267 267 267 267 267 267 267 267 267 267 267 267 267 267 267 267 267 267 267 267 267 267 267 267 267 267 267 267 267 267 267 267 267 267 267 267 267 267 267 267 
263 263 263 263 263 263 263 263 263 263 263 263 263 263 263 263 263 263 263 263 263 263 263 263 263 263 263 263 263 263 263 263 263 263 263 263 263 263 263 263 263 263 263 263 263 263 263 263 263 263 263 263 263 263 263 263 263 263 263 263 263 263 263 263 263 263 263 263 263 263 263 263 263 263 263 263 263 263 263 263 263 263 263 263 263 263 263 263 263 263 263 263 263 263 263 263 263 263 263 263 
260 260 260 260 260 260 260 260 260 260 260 260 260 260 260 260 260 260 260 260 260 260 260 260 260 260 260 260 260 260 260 260 260 260 260 260 260 260 260 260 260 260 260 260 260 260 260 260 260 260 260 260 260 260 260 260 260 260 260 260 260 260 260 260 260 260 260 260 260 260 260 260 260 260 260 260 260 260 260 260 260 260 260 260 260 260 260 260 260 260 260 260 260 260 260 260 260 260 260 260 
258 258 258 258 258 258 258 258 258 258 258 258 258 258 258 258 258 258 258 258 258 258 258 258 258 258 258 258 258 258 258 258 258 258 258 258 258 258 258 258 258 258 258 258 258 258 258 258 258 258 258 258 258 258 258 258 258 258 258 258 258 258 258 258 258 258 258 258 258 258 258 258 258 258 258 258 258 258 258 258 258 258 258 258 258 258 258 258 258 258 258 258 258 258 258 258 258 258 258 258 
256 256 256 256 256 256 256 256 256 256 256 256 256 256 256 256 256 256 256 256 256 256 256 256 256 256 256 256 256 256 256 256 256 256 256 256 256 256 256 256 256 256 256 256 256 256 256 256 256 256 256 256 256 256 256 256 256 256 256 256 256 256 256 256 256 256 256 256 256 256 256 256 256 256 256 256 256 256 256 256 256 256 256 256 256 256 256 256 256 256 256 256 256 256 256 256 256 256 256 256 
256 256 256 256 256 256 256 256 256 256 256 256 256 256 256 256 256 256 256 256 256 256 256 256 256 256 256 256 256 256 256 256 256 256 256 256 256 256 256 256 256 256 256 256 256 256 256 256 256 256 256 256 256 256 256 256 256 256 256 256 256 256 256 256 256 256 256 256 256 256 256 256 256 256 256 256 256 256 256 256 256 256 256 256 256 256 256 256 256 256 256 256 256 256 256 256 256 256 256 256 
256 256 256 256 256 256 256 256 256 256 256 256 256 256 256 256 256 256 256 256 256 256 256 256 256 256 256 256 256 256 256 256 256 256 256 256 256 256 256 256 256 256 256 256 256 256 256 256 256 256 256 256 256 256 256 256 256 256 256 256 256 256 256 256 256 256 256 256 256 256 256 256 256 256 256 256 256 256 256 256 256 256 256 256 256 256 256 256 256 256 256 256 256 256 256 256 256 256 256 256 
249 249 249 249 249 249 249 249 249 249 249 249 249 249 249 249 249 249 249 249 249 249 249 249 249 249 249 249 249 249 249 249 249 249 249 249 249 249 249 249 249 249 249 249 249 249 249 249 249 249 249 249 249 249 249 249 249 249 249 249 249 249 249 249 249 249 249 249 249 249 249 249 249 249 249 249 249 249 249 249 249 249 249 249 249 249 249 249 249 249 249 249 249 249 249 249 249 249 249 249 
247 247 247 247 247 247 247 247 247 247 247 247 247 247 247 247 247 247 247 247 247 247 247 247 247 247 247 247 247 247 247 247 247 247 247 247 247 247 247 247 247 247 247 247 247 247 247 247 247 247 247 247 247 247 247 247 247 247 247 247 247 247 247 247 247 247 247 247 247 247 247 247 247 247 247 247 247 247 247 247 247 247 247 247 247 247 247 247 247 247 247 247 247 247 247 247 247 247 247 247 
247 247 247 247 247 247 247 247 247 247 247 247 247 247 247 247 247 247 247 247 247 247 247 247 247 247 247 247 247 247 247 247 247 247 247 247 247 247 247 247 247 247 247 247 247 247 247 247 247 247 247 247 247 247 247 247 247 247 247 247 247 247 247 247 247 247 247 247 247 247 247 247 247 247 247 247 247 247 247 247 247 247 247 247 247 247 247 247 247 247 247 247 247 247 247 247 247 247 247 247 
246 246 246 246 246 246 246 246 246 246 246 246 246 246 246 246 246 246 246 246 246 246 246 246 246 246 246 246 246 246 246 246 246 246 246 246 246 246 246 246 246 246 246 246 246 246 246 246 246 246 246 246 246 246 246 246 246 246 246 246 246 246 246 246 246 246 246 246 246 246 246 246 246 246 246 246 246 246 246 246 246 246 246 246 246 246 246 246 246 246 246 246 246 246 246 246 246 246 246 246 
245 245 245 245 245 245 245 245 245 245 245 245 245 245 245 245 245 245 245 245 245 245 245 245 245 245 245 245 245 245 245 245 245 245 245 245 245 245 245 245 245 245 245 245 245 245 245 245 245 245 245 245 245 245 245 245 245 245 245 245 245 245 245 245 245 245 245 245 245 245 245 245 245 245 245 245 245 245 245 245 245 245 245 245 245 245 245 245 245 245 245 245 245 245 245 245 245 245 245 245 
239 239 239 239 239 239 239 239 239 239 239 239 239 239 239 239 239 239 239 239 239 239 239 239 239 239 239 239 239 239 239 239 239 239 239 239 239 239 239 239 239 239 239 239 239 239 239 239 239 239 239 239 239 239 239 239 239 239 239 239 239 239 239 239 239 239 239 239 239 239 239 239 239 239 239 239 239 239 239 239 239 239 239 239 239 239 239 239 239 239 239 239 239 239 239 239 239 239 239 239 
239 239 239 239 239 239 239 239 239 239 239 239 239 239 239 239 239 239 239 239 239 239 239 239 239 239 239 239 239 239 239 239 239 239 239 239 239 239 239 239 239 239 239 239 239 239 239 239 239 239 239 239 239 239 239 239 239 239 239 239 239 239 239 239 239 239 239 239 239 239 239 239 239 239 239 239 239 239 239 239 239 239 239 239 239 239 239 239 239 239 239 239 239 239 239 239 239 239 239 239 
239 239 239 239 239 239 239 239 239 239 239 239 239 239 239 239 239 239 239 239 239 239 239 239 239 239 239 239 239 239 239 239 239 239 239 239 239 239 239 239 239 239 239 239 239 239 239 239 239 239 239 239 239 239 239 239 239 239 239 239 239 239 239 239 239 239 239 239 239 239 239 239 239 239 239 239 239 239 239 239 239 239 239 239 239 239 239 239 239 239 239 239 239 239 239 239 239 239 239 239 
236 236 236 236 236 236 236 236 236 236 236 236 236 236 236 236 236 236 236 236 236 236 236 236 236 236 236 236 236 236 236 236 236 236 236 236 236 236 236 236 236 236 236 236 236 236 236 236 236 236 236 236 236 236 236 236 236 236 236 236 236 236 236 236 236 236 236 236 236 236 236 236 236 236 236 236 236 236 236 236 236 236 236 236 236 236 236 236 236 236 236 236 236 236 236 236 236 236 236 236 
236 236 236 236 236 236 236 236 236 236 236 236 236 236 236 236 236 236 236 236 236 236 236 236 236 236 236 236 236 236 236 236 236 236 236 236 236 236 236 236 236 236 236 236 236 236 236 236 236 236 236 236 236 236 236 236 236 236 236 236 236 236 236 236 236 236 236 236 236 236 236 236 236 236 236 236 236 236 236 236 236 236 236 236 236 236 236 236 236 236 236 236 236 236 236 236 236 236 236 236 
232 232 232 232 232 232 232 232 232 232 232 232 232 232 232 232 232 232 232 232 232 232 232 232 232 232 232 232 232 232 232 232 232 232 232 232 232 232 232 232 232 232 232 232 232 232 232 232 232 232 232 232 232 232 232 232 232 232 232 232 232 232 232 232 232 232 232 232 232 232 232 232 232 232 232 232 232 232 232 232 232 232 232 232 232 232 232 232 232 232 232 232 232 232 232 232 232 232 232 232 
230 230 230 230 230 230 230 230 230 230 230 230 230 230 230 230 230 230 230 230 230 230 230 230 230 230 230 230 230 230 230 230 230 230 230 230 230 230 230 230 230 230 230 230 230 230 230 230 230 230 230 230 230 230 230 230 230 230 230 230 230 230 230 230 230 230 230 230 230 230 230 230 230 230 230 230 230 230 230 230 230 230 230 230 230 230 230 230 230 230 230 230 230 230 230 230 230 230 230 230 
222 222 222 222 222 222 222 222 222 222 222 222 222 222 222 222 222 222 222 222 222 222 222 222 222 222 222 222 222 222 222 222 222 222 222 222 222 222 222 222 222 222 222 222 222 222 222 222 222 222 222 222 222 222 222 222 222 222 222 222 222 222 222 222 222 222 222 222 222 222 222 222 222 222 222 222 222 222 222 222 222 222 222 222 222 222 222 222 222 222 222 222 222 222 222 222 222 222 222 222 
218 218 218 218 218 218 218 218 218 218 218 218 218 218 218 218 218 218 218 218 218 218 218 218 218 218 218 218 218 218 218 218 218 218 218 218 218 218 218 218 218 218 218 218 218 218 218 218 218 218 218 218 218 218 218 218 218 218 218 218 218 218 218 218 218 218 218 218 218 218 218 218 218 218 218 218 218 218 218 218 218 218 218 218 218 218 218 218 218 218 218 218 218 218 218 218 218 218 218 218 
215 215 215 215 215 215 215 215 215 215 215 215 215 215 215 215 215 215 215 215 215 215 215 215 215 215 215 215 215 215 215 215 215 215 215 215 215 215 215 215 215 215 215 215 215 215 215 215 215 215 215 215 215 215 215 215 215 215 215 215 215 215 215 215 215 215 215 215 215 215 215 215 215 215 215 215 215 215 215 215 215 215 215 215 215 215 215 215 215 215 215 215 215 215 215 215 215 215 215 215 
214 214 214 214 214 214 214 214 214 214 214 214 214 214 214 214 214 214 214 214 214 214 214 214 214 214 214 214 214 214 214 214 214 214 214 214 214 214 214 214 214 214 214 214 214 214 214 214 214 214 214 214 214 214 214 214 214 214 214 214 214 214 214 214 214 214 214 214 214 214 214 214 214 214 214 214 214 214 214 214 214 214 214 214 214 214 214 214 214 214 214 214 214 214 214 214 214 214 214 214 
213 213 213 213 213 213 213 213 213 213 213 213 213 213 213 213 213 213 213 213 213 213 213 213 213 213 213 213 213 213 213 213 213 213 213 213 213 213 213 213 213 213 213 213 213 213 213 213 213 213 213 213 213 213 213 213 213 213 213 213 213 213 213 213 213 213 213 213 213 213 213 213 213 213 213 213 213 213 213 213 213 213 213 213 213 213 213 213 213 213 213 213 213 213 213 213 213 213 213 213 
213 213 213 213 213 213 213 213 213 213 213 213 213 213 213 213 213 213 213 213 213 213 213 213 213 213 213 213 213 213 213 213 213 213 213 213 213 213 213 213 213 213 213 213 213 213 213 213 213 213 213 213 213 213 213 213 213 213 213 213 213 213 213 213 213 213 213 213 213 213 213 213 213 213 213 213 213 213 213 213 213 213 213 213 213 213 213 213 213 213 213 213 213 213 213 213 213 213 213 213 
213 213 213 213 213 213 213 213 213 213 213 213 213 213 213 213 213 213 213 213 213 213 213 213 213 213 213 213 213 213 213 213 213 213 213 213 213 213 213 213 213 213 213 213 213 213 213 213 213 213 213 213 213 213 213 213 213 213 213 213 213 213 213 213 213 213 213 213 213 213 213 213 213 213 213 213 213 213 213 213 213 213 213 213 213 213 213 213 213 213 213 213 213 213 213 213 213 213 213 213 
210 210 210 210 210 210 210 210 210 210 210 210 210 210 210 210 210 210 210 210 210 210 210 210 210 210 210 210 210 210 210 210 210 210 210 210 210 210 210 210 210 210 210 210 210 210 210 210 210 210 210 210 210 210 210 210 210 210 210 210 210 210 210 210 210 210 210 210 210 210 210 210 210 210 210 210 210 210 210 210 210 210 210 210 210 210 210 210 210 210 210 210 210 210 210 210 210 210 210 210 
206 206 206 206 206 206 206 206 206 206 206 206 206 206 206 206 206 206 206 206 206 206 206 206 206 206 206 206 206 206 206 206 206 206 206 206 206 206 206 206 206 206 206 206 206 206 206 206 206 206 206 206 206 206 206 206 206 206 206 206 206 206 206 206 206 206 206 206 206 206 206 206 206 206 206 206 206 206 206 206 206 206 206 206 206 206 206 206 206 206 206 206 206 206 206 206 206 206 206 206 
204 204 204 204 204 204 204 204 204 204 204 204 204 204 204 204 204 204 204 204 204 204 204 204 204 204 204 204 204 204 204 204 204 204 204 204 204 204 204 204 204 204 204 204 204 204 204 204 204 204 204 204 204 204 204 204 204 204 204 204 204 204 204 204 204 204 204 204 204 204 204 204 204 204 204 204 204 204 204 204 204 204 204 204 204 204 204 204 204 204 204 204 204 204 204 204 204 204 204 204 
202 202 202 202 202 202 202 202 202 202 202 202 202 202 202 202 202 202 202 202 202 202 202 202 202 202 202 202 202 202 202 202 202 202 202 202 202 202 202 202 202 202 202 202 202 202 202 202 202 202 202 202 202 202 202 202 202 202 202 202 202 202 202 202 202 202 202 202 202 202 202 202 202 202 202 202 202 202 202 202 202 202 202 202 202 202 202 202 202 202 202 202 202 202 202 202 202 202 202 202 
202 202 202 202 202 202 202 202 202 202 202 202 202 202 202 202 202 202 202 202 202 202 202 202 202 202 202 202 202 202 202 202 202 202 202 202 202 202 202 202 202 202 202 202 202 202 202 202 202 202 202 202 202 202 202 202 202 202 202 202 202 202 202 202 202 202 202 202 202 202 202 202 202 202 202 202 202 202 202 202 202 202 202 202 202 202 202 202 202 202 202 202 202 202 202 202 202 202 202 202 
201 201 201 201 201 201 201 201 201 201 201 201 201 201 201 201 201 201 201 201 201 201 201 201 201 201 201 201 201 201 201 201 201 201 201 201 201 201 201 201 201 201 201 201 201 201 201 201 201 201 201 201 201 201 201 201 201 201 201 201 201 201 201 201 201 201 201 201 201 201 201 201 201 201 201 201 201 201 201 201 201 201 201 201 201 201 201 201 201 201 201 201 201 201 201 201 201 201 201 201 
191 191 191 191 191 191 191 191 191 191 191 191 191 191 191 191 191 191 191 191 191 191 191 191 191 191 191 191 191 191 191 191 191 191 191 191 191 191 191 191 191 191 191 191 191 191 191 191 191 191 191 191 191 191 191 191 191 191 191 191 191 191 191 191 191 191 191 191 191 191 191 191 191 191 191 191 191 191 191 191 191 191 191 191 191 191 191 191 191 191 191 191 191 191 191 191 191 191 191 191 
190 190 190 190 190 190 190 190 190 190 190 190 190 190 190 190 190 190 190 190 190 190 190 190 190 190 190 190 190 190 190 190 190 190 190 190 190 190 190 190 190 190 190 190 190 190 190 190 190 190 190 190 190 190 190 190 190 190 190 190 190 190 190 190 190 190 190 190 190 190 190 190 190 190 190 190 190 190 190 190 190 190 190 190 190 190 190 190 190 190 190 190 190 190 190 190 190 190 190 190 
189 189 189 189 189 189 189 189 189 189 189 189 189 189 189 189 189 189 189 189 189 189 189 189 189 189 189 189 189 189 189 189 189 189 189 189 189 189 189 189 189 189 189 189 189 189 189 189 189 189 189 189 189 189 189 189 189 189 189 189 189 189 189 189 189 189 189 189 189 189 189 189 189 189 189 189 189 189 189 189 189 189 189 189 189 189 189 189 189 189 189 189 189 189 189 189 189 189 189 189 
189 189 189 189 189 189 189 189 189 189 189 189 189 189 189 189 189 189 189 189 189 189 189 189 189 189 189 189 189 189 189 189 189 189 189 189 189 189 189 189 189 189 189 189 189 189 189 189 189 189 189 189 189 189 189 189 189 189 189 189 189 189 189 189 189 189 189 189 189 189 189 189 189 189 189 189 189 189 189 189 189 189 189 189 189 189 189 189 189 189 189 189 189 189 189 189 189 189 189 189 
187 187 187 187 187 187 187 187 187 187 187 187 187 187 187 187 187 187 187 187 187 187 187 187 187 187 187 187 187 187 187 187 187 187 187 187 187 187 187 187 187 187 187 187 187 187 187 187 187 187 187 187 187 187 187 187 187 187 187 187 187 187 187 187 187 187 187 187 187 187 187 187 187 187 187 187 187 187 187 187 187 187 187 187 187 187 187 187 187 187 187 187 187 187 187 187 187 187 187 187 
187 187 187 187 187 187 187 187 187 187 187 187 187 187 187 187 187 187 187 187 187 187 187 187 187 187 187 187 187 187 187 187 187 187 187 187 187 187 187 187 187 187 187 187 187 187 187 187 187 187 187 187 187 187 187 187 187 187 187 187 187 187 187 187 187 187 187 187 187 187 187 187 187 187 187 187 187 187 187 187 187 187 187 187 187 187 187 187 187 187 187 187 187 187 187 187 187 187 187 187 
181 181 181 181 181 181 181 181 181 181 181 181 181 181 181 181 181 181 181 181 181 181 181 181 181 181 181 181 181 181 181 181 181 181 181 181 181 181 181 181 181 181 181 181 181 181 181 181 181 181 181 181 181 181 181 181 181 181 181 181 181 181 181 181 181 181 181 181 181 181 181 181 181 181 181 181 181 181 181 181 181 181 181 181 181 181 181 181 181 181 181 181 181 181 181 181 181 181 181 181 
181 181 181 181 181 181 181 181 181 181 181 181 181 181 181 181 181 181 181 181 181 181 181 181 181 181 181 181 181 181 181 181 181 181 181 181 181 181 181 181 181 181 181 181 181 181 181 181 181 181 181 181 181 181 181 181 181 181 181 181 181 181 181 181 181 181 181 181 181 181 181 181 181 181 181 181 181 181 181 181 181 181 181 181 181 181 181 181 181 181 181 181 181 181 181 181 181 181 181 181 
179 179 179 179 179 179 179 179 179 179 179 179 179 179 179 179 179 179 179 179 179 179 179 179 179 179 179 179 179 179 179 179 179 179 179 179 179 179 179 179 179 179 179 179 179 179 179 179 179 179 179 179 179 179 179 179 179 179 179 179 179 179 179 179 179 179 179 179 179 179 179 179 179 179 179 179 179 179 179 179 179 179 179 179 179 179 179 179 179 179 179 179 179 179 179 179 179 179 179 179 
170 170 170 170 170 170 170 170 170 170 170 170 170 170 170 170 170 170 170 170 170 170 170 170 170 170 170 170 170 170 170 170 170 170 170 170 170 170 170 170 170 170 170 170 170 170 170 170 170 170 170 170 170 170 170 170 170 170 170 170 170 170 170 170 170 170 170 170 170 170 170 170 170 170 170 170 170 170 170 170 170 170 170 170 170 170 170 170 170 170 170 170 170 170 170 170 170 170 170 170 
169 169 169 169 169 169 169 169 169 169 169 169 169 169 169 169 169 169 169 169 169 169 169 169 169 169 169 169 169 169 169 169 169 169 169 169 169 169 169 169 169 169 169 169 169 169 169 169 169 169 169 169 169 169 169 169 169 169 169 169 169 169 169 169 169 169 169 169 169 169 169 169 169 169 169 169 169 169 169 169 169 169 169 169 169 169 169 169 169 169 169 169 169 169 169 169 169 169 169 169 
168 168 168 168 168 168 168 168 168 168 168 168 168 168 168 168 168 168 168 168 168 168 168 168 168 168 168 168 168 168 168 168 168 168 168 168 168 168 168 168 168 168 168 168 168 168 168 168 168 168 168 168 168 168 168 168 168 168 168 168 168 168 168 168 168 168 168 168 168 168 168 168 168 168 168 168 168 168 168 168 168 168 168 168 168 168 168 168 168 168 168 168 168 168 168 168 168 168 168 168 
166 166 166 166 166 166 166 166 166 166 166 166 166 166 166 166 166 166 166 166 166 166 166 166 166 166 166 166 166 166 166 166 166 166 166 166 166 166 166 166 166 166 166 166 166 166 166 166 166 166 166 166 166 166 166 166 166 166 166 166 166 166 166 166 166 166 166 166 166 166 166 166 166 166 166 166 166 166 166 166 166 166 166 166 166 166 166 166 166 166 166 166 166 166 166 166 166 166 166 166 
166 166 166 166 166 166 166 166 166 166 166 166 166 166 166 166 166 166 166 166 166 166 166 166 166 166 166 166 166 166 166 166 166 166 166 166 166 166 166 166 166 166 166 166 166 166 166 166 166 166 166 166 166 166 166 166 166 166 166 166 166 166 166 166 166 166 166 166 166 166 166 166 166 166 166 166 166 166 166 166 166 166 166 166 166 166 166 166 166 166 166 166 166 166 166 166 166 166 166 166 
161 161 161 161 161 161 161 161 161 161 161 161 161 161 161 161 161 161 161 161 161 161 161 161 161 161 161 161 161 161 161 161 161 161 161 161 161 161 161 161 161 161 161 161 161 161 161 161 161 161 161 161 161 161 161 161 161 161 161 161 161 161 161 161 161 161 161 161 161 161 161 161 161 161 161 161 161 161 161 161 161 161 161 161 161 161 161 161 161 161 161 161 161 161 161 161 161 161 161 161 
158 158 158 158 158 158 158 158 158 158 158 158 158 158 158 158 158 158 158 158 158 158 158 158 158 158 158 158 158 158 158 158 158 158 158 158 158 158 158 158 158 158 158 158 158 158 158 158 158 158 158 158 158 158 158 158 158 158 158 158 158 158 158 158 158 158 158 158 158 158 158 158 158 158 158 158 158 158 158 158 158 158 158 158 158 158 158 158 158 158 158 158 158 158 158 158 158 158 158 158 
151 151 151 151 151 151 151 151 151 151 151 151 151 151 151 151 151 151 151 151 151 151 151 151 151 151 151 151 151 151 151 151 151 151 151 151 151 151 151 151 151 151 151 151 151 151 151 151 151 151 151 151 151 151 151 151 151 151 151 151 151 151 151 151 151 151 151 151 151 151 151 151 151 151 151 151 151 151 151 151 151 151 151 151 151 151 151 151 151 151 151 151 151 151 151 151 151 151 151 151 
149 149 149 149 149 149 149 149 149 149 149 149 149 149 149 149 149 149 149 149 149 149 149 149 149 149 149 149 149 149 149 149 149 149 149 149 149 149 149 149 149 149 149 149 149 149 149 149 149 149 149 149 149 149 149 149 149 149 149 149 149 149 149 149 149 149 149 149 149 149 149 149 149 149 149 149 149 149 149 149 149 149 149 149 149 149 149 149 149 149 149 149 149 149 149 149 149 149 149 149 
148 148 148 148 148 148 148 148 148 148 148 148 148 148 148 148 148 148 148 148 148 148 148 148 148 148 148 148 148 148 148 148 148 148 148 148 148 148 148 148 148 148 148 148 148 148 148 148 148 148 148 148 148 148 148 148 148 148 148 148 148 148 148 148 148 148 148 148 148 148 148 148 148 148 148 148 148 148 148 148 148 148 148 148 148 148 148 148 148 148 148 148 148 148 148 148 148 148 148 148 
146 146 146 146 146 146 146 146 146 146 146 146 146 146 146 146 146 146 146 146 146 146 146 146 146 146 146 146 146 146 146 146 146 146 146 146 146 146 146 146 146 146 146 146 146 146 146 146 146 146 146 146 146 146 146 146 146 146 146 146 146 146 146 146 146 146 146 146 146 146 146 146 146 146 146 146 146 146 146 146 146 146 146 146 146 146 146 146 146 146 146 146 146 146 146 146 146 146 146 146 
145 145 145 145 145 145 145 145 145 145 145 145 145 145 145 145 145 145 145 145 145 145 145 145 145 145 145 145 145 145 145 145 145 145 145 145 145 145 145 145 145 145 145 145 145 145 145 145 145 145 145 145 145 145 145 145 145 145 145 145 145 145 145 145 145 145 145 145 145 145 145 145 145 145 145 145 145 145 145 145 145 145 145 145 145 145 145 145 145 145 145 145 145 145 145 145 145 145 145 145 
142 142 142 142 142 142 142 142 142 142 142 142 142 142 142 142 142 142 142 142 142 142 142 142 142 142 142 142 142 142 142 142 142 142 142 142 142 142 142 142 142 142 142 142 142 142 142 142 142 142 142 142 142 142 142 142 142 142 142 142 142 142 142 142 142 142 142 142 142 142 142 142 142 142 142 142 142 142 142 142 142 142 142 142 142 142 142 142 142 142 142 142 142 142 142 142 142 142 142 142 
139 139 139 139 139 139 139 139 139 139 139 139 139 139 139 139 139 139 139 139 139 139 139 139 139 139 139 139 139 139 139 139 139 139 139 139 139 139 139 139 139 139 139 139 139 139 139 139 139 139 139 139 139 139 139 139 139 139 139 139 139 139 139 139 139 139 139 139 139 139 139 139 139 139 139 139 139 139 139 139 139 139 139 139 139 139 139 139 139 139 139 139 139 139 139 139 139 139 139 139 
137 137 137 137 137 137 137 137 137 137 137 137 137 137 137 137 137 137 137 137 137 137 137 137 137 137 137 137 137 137 137 137 137 137 137 137 137 137 137 137 137 137 137 137 137 137 137 137 137 137 137 137 137 137 137 137 137 137 137 137 137 137 137 137 137 137 137 137 137 137 137 137 137 137 137 137 137 137 137 137 137 137 137 137 137 137 137 137 137 137 137 137 137 137 137 137 137 137 137 137 
135 135 135 135 135 135 135 135 135 135 135 135 135 135 135 135 135 135 135 135 135 135 135 135 135 135 135 135 135 135 135 135 135 135 135 135 135 135 135 135 135 135 135 135 135 135 135 135 135 135 135 135 135 135 135 135 135 135 135 135 135 135 135 135 135 135 135 135 135 135 135 135 135 135 135 135 135 135 135 135 135 135 135 135 135 135 135 135 135 135 135 135 135 135 135 135 135 135 135 135 
132 132 132 132 132 132 132 132 132 132 132 132 132 132 132 132 132 132 132 132 132 132 132 132 132 132 132 132 132 132 132 132 132 132 132 132 132 132 132 132 132 132 132 132 132 132 132 132 132 132 132 132 132 132 132 132 132 132 132 132 132 132 132 132 132 132 132 132 132 132 132 132 132 132 132 132 132 132 132 132 132 132 132 132 132 132 132 132 132 132 132 132 132 132 132 132 132 132 132 132 
130 130 130 130 130 130 130 130 130 130 130 130 130 130 130 130 130 130 130 130 130 130 130 130 130 130 130 130 130 130 130 130 130 130 130 130 130 130 130 130 130 130 130 130 130 130 130 130 130 130 130 130 130 130 130 130 130 130 130 130 130 130 130 130 130 130 130 130 130 130 130 130 130 130 130 130 130 130 130 130 130 130 130 130 130 130 130 130 130 130 130 130 130 130 130 130 130 130 130 130 
128 128 128 128 128 128 128 128 128 128 128 128 128 128 128 128 128 128 128 128 128 128 128 128 128 128 128 128 128 128 128 128 128 128 128 128 128 128 128 128 128 128 128 128 128 128 128 128 128 128 128 128 128 128 128 128 128 128 128 128 128 128 128 128 128 128 128 128 128 128 128 128 128 128 128 128 128 128 128 128 128 128 128 128 128 128 128 128 128 128 128 128 128 128 128 128 128 128 128 128 
127 127 127 127 127 127 127 127 127 127 127 127 127 127 127 127 127 127 127 127 127 127 127 127 127 127 127 127 127 127 127 127 127 127 127 127 127 127 127 127 127 127 127 127 127 127 127 127 127 127 127 127 127 127 127 127 127 127 127 127 127 127 127 127 127 127 127 127 127 127 127 127 127 127 127 127 127 127 127 127 127 127 127 127 127 127 127 127 127 127 127 127 127 127 127 127 127 127 127 127 
123 123 123 123 123 123 123 123 123 123 123 123 123 123 123 123 123 123 123 123 123 123 123 123 123 123 123 123 123 123 123 123 123 123 123 123 123 123 123 123 123 123 123 123 123 123 123 123 123 123 123 123 123 123 123 123 123 123 123 123 123 123 123 123 123 123 123 123 123 123 123 123 123 123 123 123 123 123 123 123 123 123 123 123 123 123 123 123 123 123 123 123 123 123 123 123 123 123 123 123 
123 123 123 123 123 123 123 123 123 123 123 123 123 123 123 123 123 123 123 123 123 123 123 123 123 123 123 123 123 123 123 123 123 123 123 123 123 123 123 123 123 123 123 123 123 123 123 123 123 123 123 123 123 123 123 123 123 123 123 123 123 123 123 123 123 123 123 123 123 123 123 123 123 123 123 123 123 123 123 123 123 123 123 123 123 123 123 123 123 123 123 123 123 123 123 123 123 123 123 123 
121 121 121 121 121 121 121 121 121 121 121 121 121 121 121 121 121 121 121 121 121 121 121 121 121 121 121 121 121 121 121 121 121 121 121 121 121 121 121 121 121 121 121 121 121 121 121 121 121 121 121 121 121 121 121 121 121 121 121 121 121 121 121 121 121 121 121 121 121 121 121 121 121 121 121 121 121 121 121 121 121 121 121 121 121 121 121 121 121 121 121 121 121 121 121 121 121 121 121 121 
120 120 120 120 120 120 120 120 120 120 120 120 120 120 120 120 120 120 120 120 120 120 120 120 120 120 120 120 120 120 120 120 120 120 120 120 120 120 120 120 120 120 120 120 120 120 120 120 120 120 120 120 120 120 120 120 120 120 120 120 120 120 120 120 120 120 120 120 120 120 120 120 120 120 120 120 120 120 120 120 120 120 120 120 120 120 120 120 120 120 120 120 120 120 120 120 120 120 120 120 
118 118 118 118 118 118 118 118 118 118 118 118 118 118 118 118 118 118 118 118 118 118 118 118 118 118 118 118 118 118 118 118 118 118 118 118 118 118 118 118 118 118 118 118 118 118 118 118 118 118 118 118 118 118 118 118 118 118 118 118 118 118 118 118 118 118 118 118 118 118 118 118 118 118 118 118 118 118 118 118 118 118 118 118 118 118 118 118 118 118 118 118 118 118 118 118 118 118 118 118 
109 109 109 109 109 109 109 109 109 109 109 109 109 109 109 109 109 109 109 109 109 109 109 109 109 109 109 109 109 109 109 109 109 109 109 109 109 109 109 109 109 109 109 109 109 109 109 109 109 109 109 109 109 109 109 109 109 109 109 109 109 109 109 109 109 109 109 109 109 109 109 109 109 109 109 109 109 109 109 109 109 109 109 109 109 109 109 109 109 109 109 109 109 109 109 109 109 109 109 109 
107 107 107 107 107 107 107 107 107 107 107 107 107 107 107 107 107 107 107 107 107 107 107 107 107 107 107 107 107 107 107 107 107 107 107 107 107 107 107 107 107 107 107 107 107 107 107 107 107 107 107 107 107 107 107 107 107 107 107 107 107 107 107 107 107 107 107 107 107 107 107 107 107 107 107 107 107 107 107 107 107 107 107 107 107 107 107 107 107 107 107 107 107 107 107 107 107 107 107 107 
107 107 107 107 107 107 107 107 107 107 107 107 107 107 107 107 107 107 107 107 107 107 107 107 107 107 107 107 107 107 107 107 107 107 107 107 107 107 107 107 107 107 107 107 107 107 107 107 107 107 107 107 107 107 107 107 107 107 107 107 107 107 107 107 107 107 107 107 107 107 107 107 107 107 107 107 107 107 107 107 107 107 107 107 107 107 107 107 107 107 107 107 107 107 107 107 107 107 107 107 
105 105 105 105 105 105 105 105 105 105 105 105 105 105 105 105 105 105 105 105 105 105 105 105 105 105 105 105 105 105 105 105 105 105 105 105 105 105 105 105 105 105 105 105 105 105 105 105 105 105 105 105 105 105 105 105 105 105 105 105 105 105 105 105 105 105 105 105 105 105 105 105 105 105 105 105 105 105 105 105 105 105 105 105 105 105 105 105 105 105 105 105 105 105 105 105 105 105 105 105 
105 105 105 105 105 105 105 105 105 105 105 105 105 105 105 105 105 105 105 105 105 105 105 105 105 105 105 105 105 105 105 105 105 105 105 105 105 105 105 105 105 105 105 105 105 105 105 105 105 105 105 105 105 105 105 105 105 105 105 105 105 105 105 105 105 105 105 105 105 105 105 105 105 105 105 105 105 105 105 105 105 105 105 105 105 105 105 105 105 105 105 105 105 105 105 105 105 105 105 105 
104 104 104 104 104 104 104 104 104 104 104 104 104 104 104 104 104 104 104 104 104 104 104 104 104 104 104 104 104 104 104 104 104 104 104 104 104 104 104 104 104 104 104 104 104 104 104 104 104 104 104 104 104 104 104 104 104 104 104 104 104 104 104 104 104 104 104 104 104 104 104 104 104 104 104 104 104 104 104 104 104 104 104 104 104 104 104 104 104 104 104 104 104 104 104 104 104 104 104 104 
104 104 104 104 104 104 104 104 104 104 104 104 104 104 104 104 104 104 104 104 104 104 104 104 104 104 104 104 104 104 104 104 104 104 104 104 104 104 104 104 104 104 104 104 104 104 104 104 104 104 104 104 104 104 104 104 104 104 104 104 104 104 104 104 104 104 104 104 104 104 104 104 104 104 104 104 104 104 104 104 104 104 104 104 104 104 104 104 104 104 104 104 104 104 104 104 104 104 104 104 
102 102 102 102 102 102 102 102 102 102 102 102 102 102 102 102 102 102 102 102 102 102 102 102 102 102 102 102 102 102 102 102 102 102 102 102 102 102 102 102 102 102 102 102 102 102 102 102 102 102 102 102 102 102 102 102 102 102 102 102 102 102 102 102 102 102 102 102 102 102 102 102 102 102 102 102 102 102 102 102 102 102 102 102 102 102 102 102 102 102 102 102 102 102 102 102 102 102 102 102 
102 102 102 102 102 102 102 102 102 102 102 102 102 102 102 102 102 102 102 102 102 102 102 102 102 102 102 102 102 102 102 102 102 102 102 102 102 102 102 102 102 102 102 102 102 102 102 102 102 102 102 102 102 102 102 102 102 102 102 102 102 102 102 102 102 102 102 102 102 102 102 102 102 102 102 102 102 102 102 102 102 102 102 102 102 102 102 102 102 102 102 102 102 102 102 102 102 102 102 102 
