120 120 100 40
38.3 38.3 38.3 38.3 38.3 38.3 38.3 38.3 38.3 38.3 38.3 38.3 38.3 38.3 38.3 38.3 38.3 38.3 38.3 38.3 38.3 38.3 38.3 38.3 38.3 38.3 38.3 38.3 38.3 38.3 38.3 38.3 38.3 38.3 38.3 38.3 38.3 38.3 38.3 38.3 38.3 38.3 38.3 38.3 38.3 38.3 38.3 38.3 38.3 38.3 38.3 38.3 38.3 38.3 38.3 38.3 38.3 38.3 38.3 38.3 38.3 38.3 38.3 38.3 38.3 38.3 38.3 38.3 38.3 38.3 38.3 38.3 38.3 38.3 38.3 38.3 38.3 38.3 38.3 38.3 38.3 38.3 38.3 38.3 38.3 38.3 38.3 38.3 38.3 38.3 38.3 38.3 38.3 38.3 38.3 38.3 38.3 38.3 38.3 38.3 38.3 38.3 38.3 38.3 38.3 38.3 38.3 38.3 38.3 38.3 38.3 38.3 38.3 38.3 38.3 38.3 38.3 38.3 38.3 38.3 
27.8 27.8 27.8 27.8 27.8 27.8 27.8 27.8 27.8 27.8 27.8 27.8 27.8 27.8 27.8 27.8 27.8 27.8 27.8 27.8 27.8 27.8 27.8 27.8 27.8 27.8 27.8 27.8 27.8 27.8 27.8 27.8 27.8 27.8 27.8 27.8 27.8 27.8 27.8 27.8 27.8 27.8 27.8 27.8 27.8 27.8 27.8 27.8 27.8 27.8 27.8 27.8 27.8 27.8 27.8 27.8 27.8 27.8 27.8 27.8 27.8 27.8 27.8 27.8 27.8 27.8 27.8 27.8 27.8 27.8 27.8 27.8 27.8 27.8 27.8 27.8 27.8 27.8 27.8 27.8 27.8 27.8 27.8 27.8 27.8 27.8 27.8 27.8 27.8 27.8 27.8 27.8 27.8 27.8 27.8 27.8 27.8 27.8 27.8 27.8 27.8 27.8 27.8 27.8 27.8 27.8 27.8 27.8 27.8 27.8 27.8 27.8 27.8 27.8 27.8 27.8 27.8 27.8 27.8 27.8 
33.9 33.9 33.9 33.9 33.9 33.9 33.9 33.9 33.9 33.9 33.9 33.9 33.9 33.9 33.9 33.9 33.9 33.9 33.9 33.9 33.9 33.9 33.9 33.9 33.9 33.9 33.9 33.9 33.9 33.9 33.9 33.9 33.9 33.9 33.9 33.9 33.9 33.9 33.9 33.9 33.9 33.9 33.9 33.9 33.9 33.9 33.9 33.9 33.9 33.9 33.9 33.9 33.9 33.9 33.9 33.9 33.9 33.9 33.9 33.9 33.9 33.9 33.9 33.9 33.9 33.9 33.9 33.9 33.9 33.9 33.9 33.9 33.9 33.9 33.9 33.9 33.9 33.9 33.9 33.9 33.9 33.9 33.9 33.9 33.9 33.9 33.9 33.9 33.9 33.9 33.9 33.9 33.9 33.9 33.9 33.9 33.9 33.9 33.9 33.9 33.9 33.9 33.9 33.9 33.9 33.9 33.9 33.9 33.9 33.9 33.9 33.9 33.9 33.9 33.9 33.9 33.9 33.9 33.9 33.9 
39.1 39.1 39.1 39.1 39.1 39.1 39.1 39.1 39.1 39.1 39.1 39.1 39.1 39.1 39.1 39.1 39.1 39.1 39.1 39.1 39.1 39.1 39.1 39.1 39.1 39.1 39.1 39.1 39.1 39.1 39.1 39.1 39.1 39.1 39.1 39.1 39.1 39.1 39.1 39.1 39.1 39.1 39.1 39.1 39.1 39.1 39.1 39.1 39.1 39.1 39.1 39.1 39.1 39.1 39.1 39.1 39.1 39.1 39.1 39.1 39.1 39.1 39.1 39.1 39.1 39.1 39.1 39.1 39.1 39.1 39.1 39.1 39.1 39.1 39.1 39.1 39.1 39.1 39.1 39.1 39.1 39.1 39.1 39.1 39.1 39.1 39.1 39.1 39.1 39.1 39.1 39.1 39.1 39.1 39.1 39.1 39.1 39.1 39.1 39.1 39.1 39.1 39.1 39.1 39.1 39.1 39.1 39.1 39.1 39.1 39.1 39.1 39.1 39.1 39.1 39.1 39.1 39.1 39.1 39.1 
26.1 26.1 26.1 26.1 26.1 26.1 26.1 26.1 26.1 26.1 26.1 26.1 26.1 26.1 26.1 26.1 26.1 26.1 26.1 26.1 26.1 26.1 26.1 26.1 26.1 26.1 26.1 26.1 26.1 26.1 26.1 26.1 26.1 26.1 26.1 26.1 26.1 26.1 26.1 26.1 26.1 26.1 26.1 26.1 26.1 26.1 26.1 26.1 26.1 26.1 26.1 26.1 26.1 26.1 26.1 26.1 26.1 26.1 26.1 26.1 26.1 26.1 26.1 26.1 26.1 26.1 26.1 26.1 26.1 26.1 26.1 26.1 26.1 26.1 26.1 26.1 26.1 26.1 26.1 26.1 26.1 26.1 26.1 26.1 26.1 26.1 26.1 26.1 26.1 26.1 26.1 26.1 26.1 26.1 26.1 26.1 26.1 26.1 26.1 26.1 26.1 26.1 26.1 26.1 26.1 26.1 26.1 26.1 26.1 26.1 26.1 26.1 26.1 26.1 26.1 26.1 26.1 26.1 26.1 26.1 
34.8 34.8 34.8 34.8 34.8 34.8 34.8 34.8 34.8 34.8 34.8 34.8 34.8 34.8 34.8 34.8 34.8 34.8 34.8 34.8 34.8 34.8 34.8 34.8 34.8 34.8 34.8 34.8 34.8 34.8 34.8 34.8 34.8 34.8 34.8 34.8 34.8 34.8 34.8 34.8 34.8 34.8 34.8 34.8 34.8 34.8 34.8 34.8 34.8 34.8 34.8 34.8 34.8 34.8 34.8 34.8 34.8 34.8 34.8 34.8 34.8 34.8 34.8 34.8 34.8 34.8 34.8 34.8 34.8 34.8 34.8 34.8 34.8 34.8 34.8 34.8 34.8 34.8 34.8 34.8 34.8 34.8 34.8 34.8 34.8 34.8 34.8 34.8 34.8 34.8 34.8 34.8 34.8 34.8 34.8 34.8 34.8 34.8 34.8 34.8 34.8 34.8 34.8 34.8 34.8 34.8 34.8 34.8 34.8 34.8 34.8 34.8 34.8 34.8 34.8 34.8 34.8 34.8 34.8 34.8 
35.7 35.7 35.7 35.7 35.7 35.7 35.7 35.7 35.7 35.7 35.7 35.7 35.7 35.7 35.7 35.7 35.7 35.7 35.7 35.7 35.7 35.7 35.7 35.7 35.7 35.7 35.7 35.7 35.7 35.7 35.7 35.7 35.7 35.7 35.7 35.7 35.7 35.7 35.7 35.7 35.7 35.7 35.7 35.7 35.7 35.7 35.7 35.7 35.7 35.7 35.7 35.7 35.7 35.7 35.7 35.7 35.7 35.7 35.7 35.7 35.7 35.7 35.7 35.7 35.7 35.7 35.7 35.7 35.7 35.7 35.7 35.7 35.7 35.7 35.7 35.7 35.7 35.7 35.7 35.7 35.7 35.7 35.7 35.7 35.7 35.7 35.7 35.7 35.7 35.7 35.7 35.7 35.7 35.7 35.7 35.7 35.7 35.7 35.7 35.7 35.7 35.7 35.7 35.7 35.7 35.7 35.7 35.7 35.7 35.7 35.7 35.7 35.7 35.7 35.7 35.7 35.7 35.7 35.7 35.7 
27.3 27.3 27.3 27.3 27.3 27.3 27.3 27.3 27.3 27.3 27.3 27.3 27.3 27.3 27.3 27.3 27.3 27.3 27.3 27.3 27.3 27.3 27.3 27.3 27.3 27.3 27.3 27.3 27.3 27.3 27.3 27.3 27.3 27.3 27.3 27.3 27.3 27.3 27.3 27.3 27.3 27.3 27.3 27.3 27.3 27.3 27.3 27.3 27.3 27.3 27.3 27.3 27.3 27.3 27.3 27.3 27.3 27.3 27.3 27.3 27.3 27.3 27.3 27.3 27.3 27.3 27.3 27.3 27.3 27.3 27.3 27.3 27.3 27.3 27.3 27.3 27.3 27.3 27.3 27.3 27.3 27.3 27.3 27.3 27.3 27.3 27.3 27.3 27.3 27.3 27.3 27.3 27.3 27.3 27.3 27.3 27.3 27.3 27.3 27.3 27.3 27.3 27.3 27.3 27.3 27.3 27.3 27.3 27.3 27.3 27.3 27.3 27.3 27.3 27.3 27.3 27.3 27.3 27.3 27.3 
37 37 37 37 37 37 37 37 37 37 37 37 37 37 37 37 37 37 37 37 37 37 37 37 37 37 37 37 37 37 37 37 37 37 37 37 37 37 37 37 37 37 37 37 37 37 37 37 37 37 37 37 37 37 37 37 37 37 37 37 37 37 37 37 37 37 37 37 37 37 37 37 37 37 37 37 37 37 37 37 37 37 37 37 37 37 37 37 37 37 37 37 37 37 37 37 37 37 37 37 37 37 37 37 37 37 37 37 37 37 37 37 37 37 37 37 37 37 37 37 
49.5 49.5 49.5 49.5 49.5 49.5 49.5 49.5 49.5 49.5 49.5 49.5 49.5 49.5 49.5 49.5 49.5 49.5 49.5 49.5 49.5 49.5 49.5 49.5 49.5 49.5 49.5 49.5 49.5 49.5 49.5 49.5 49.5 49.5 49.5 49.5 49.5 49.5 49.5 49.5 49.5 49.5 49.5 49.5 49.5 49.5 49.5 49.5 49.5 49.5 49.5 49.5 49.5 49.5 49.5 49.5 49.5 49.5 49.5 49.5 49.5 49.5 49.5 49.5 49.5 49.5 49.5 49.5 49.5 49.5 49.5 49.5 49.5 49.5 49.5 49.5 49.5 49.5 49.5 49.5 49.5 49.5 49.5 49.5 49.5 49.5 49.5 49.5 49.5 49.5 49.5 49.5 49.5 49.5 49.5 49.5 49.5 49.5 49.5 49.5 49.5 49.5 49.5 49.5 49.5 49.5 49.5 49.5 49.5 49.5 49.5 49.5 49.5 49.5 49.5 49.5 49.5 49.5 49.5 49.5 
25 25 25 25 25 25 25 25 25 25 25 25 25 25 25 25 25 25 25 25 25 25 25 25 25 25 25 25 25 25 25 25 25 25 25 25 25 25 25 25 25 25 25 25 25 25 25 25 25 25 25 25 25 25 25 25 25 25 25 25 25 25 25 25 25 25 25 25 25 25 25 25 25 25 25 25 25 25 25 25 25 25 25 25 25 25 25 25 25 25 25 25 25 25 25 25 25 25 25 25 25 25 25 25 25 25 25 25 25 25 25 25 25 25 25 25 25 25 25 25 
25.5 25.5 25.5 25.5 25.5 25.5 25.5 25.5 25.5 25.5 25.5 25.5 25.5 25.5 25.5 25.5 25.5 25.5 25.5 25.5 25.5 25.5 25.5 25.5 25.5 25.5 25.5 25.5 25.5 25.5 25.5 25.5 25.5 25.5 25.5 25.5 25.5 25.5 25.5 25.5 25.5 25.5 25.5 25.5 25.5 25.5 25.5 25.5 25.5 25.5 25.5 25.5 25.5 25.5 25.5 25.5 25.5 25.5 25.5 25.5 25.5 25.5 25.5 25.5 25.5 25.5 25.5 25.5 25.5 25.5 25.5 25.5 25.5 25.5 25.5 25.5 25.5 25.5 25.5 25.5 25.5 25.5 25.5 25.5 25.5 25.5 25.5 25.5 25.5 25.5 25.5 25.5 25.5 25.5 25.5 25.5 25.5 25.5 25.5 25.5 25.5 25.5 25.5 25.5 25.5 25.5 25.5 25.5 25.5 25.5 25.5 25.5 25.5 25.5 25.5 25.5 25.5 25.5 25.5 25.5 
49.2 49.2 49.2 49.2 49.2 49.2 49.2 49.2 49.2 49.2 49.2 49.2 49.2 49.2 49.2 49.2 49.2 49.2 49.2 49.2 49.2 49.2 49.2 49.2 49.2 49.2 49.2 49.2 49.2 49.2 49.2 49.2 49.2 49.2 49.2 49.2 49.2 49.2 49.2 49.2 49.2 49.2 49.2 49.2 49.2 49.2 49.2 49.2 49.2 49.2 49.2 49.2 49.2 49.2 49.2 49.2 49.2 49.2 49.2 49.2 49.2 49.2 49.2 49.2 49.2 49.2 49.2 49.2 49.2 49.2 49.2 49.2 49.2 49.2 49.2 49.2 49.2 49.2 49.2 49.2 49.2 49.2 49.2 49.2 49.2 49.2 49.2 49.2 49.2 49.2 49.2 49.2 49.2 49.2 49.2 49.2 49.2 49.2 49.2 49.2 49.2 49.2 49.2 49.2 49.2 49.2 49.2 49.2 49.2 49.2 49.2 49.2 49.2 49.2 49.2 49.2 49.2 49.2 49.2 49.2 
25.1 25.1 25.1 25.1 25.1 25.1 25.1 25.1 25.1 25.1 25.1 25.1 25.1 25.1 25.1 25.1 25.1 25.1 25.1 25.1 25.1 25.1 25.1 25.1 25.1 25.1 25.1 25.1 25.1 25.1 25.1 25.1 25.1 25.1 25.1 25.1 25.1 25.1 25.1 25.1 25.1 25.1 25.1 25.1 25.1 25.1 25.1 25.1 25.1 25.1 25.1 25.1 25.1 25.1 25.1 25.1 25.1 25.1 25.1 25.1 25.1 25.1 25.1 25.1 25.1 25.1 25.1 25.1 25.1 25.1 25.1 25.1 25.1 25.1 25.1 25.1 25.1 25.1 25.1 25.1 25.1 25.1 25.1 25.1 25.1 25.1 25.1 25.1 25.1 25.1 25.1 25.1 25.1 25.1 25.1 25.1 25.1 25.1 25.1 25.1 25.1 25.1 25.1 25.1 25.1 25.1 25.1 25.1 25.1 25.1 25.1 25.1 25.1 25.1 25.1 25.1 25.1 25.1 25.1 25.1 
25.7 25.7 25.7 25.7 25.7 25.7 25.7 25.7 25.7 25.7 25.7 25.7 25.7 25.7 25.7 25.7 25.7 25.7 25.7 25.7 25.7 25.7 25.7 25.7 25.7 25.7 25.7 25.7 25.7 25.7 25.7 25.7 25.7 25.7 25.7 25.7 25.7 25.7 25.7 25.7 25.7 25.7 25.7 25.7 25.7 25.7 25.7 25.7 25.7 25.7 25.7 25.7 25.7 25.7 25.7 25.7 25.7 25.7 25.7 25.7 25.7 25.7 25.7 25.7 25.7 25.7 25.7 25.7 25.7 25.7 25.7 25.7 25.7 25.7 25.7 25.7 25.7 25.7 25.7 25.7 25.7 25.7 25.7 25.7 25.7 25.7 25.7 25.7 25.7 25.7 25.7 25.7 25.7 25.7 25.7 25.7 25.7 25.7 25.7 25.7 25.7 25.7 25.7 25.7 25.7 25.7 25.7 25.7 25.7 25.7 25.7 25.7 25.7 25.7 25.7 25.7 25.7 25.7 25.7 25.7 
44.7 44.7 44.7 44.7 44.7 44.7 44.7 44.7 44.7 44.7 44.7 44.7 44.7 44.7 44.7 44.7 44.7 44.7 44.7 44.7 44.7 44.7 44.7 44.7 44.7 44.7 44.7 44.7 44.7 44.7 44.7 44.7 44.7 44.7 44.7 44.7 44.7 44.7 44.7 44.7 44.7 44.7 44.7 44.7 44.7 44.7 44.7 44.7 44.7 44.7 44.7 44.7 44.7 44.7 44.7 44.7 44.7 44.7 44.7 44.7 44.7 44.7 44.7 44.7 44.7 44.7 44.7 44.7 44.7 44.7 44.7 44.7 44.7 44.7 44.7 44.7 44.7 44.7 44.7 44.7 44.7 44.7 44.7 44.7 44.7 44.7 44.7 44.7 44.7 44.7 44.7 44.7 44.7 44.7 44.7 44.7 44.7 44.7 44.7 44.7 44.7 44.7 44.7 44.7 44.7 44.7 44.7 44.7 44.7 44.7 44.7 44.7 44.7 44.7 44.7 44.7 44.7 44.7 44.7 44.7 
27.2 27.2 27.2 27.2 27.2 27.2 27.2 27.2 27.2 27.2 27.2 27.2 27.2 27.2 27.2 27.2 27.2 27.2 27.2 27.2 27.2 27.2 27.2 27.2 27.2 27.2 27.2 27.2 27.2 27.2 27.2 27.2 27.2 27.2 27.2 27.2 27.2 27.2 27.2 27.2 27.2 27.2 27.2 27.2 27.2 27.2 27.2 27.2 27.2 27.2 27.2 27.2 27.2 27.2 27.2 27.2 27.2 27.2 27.2 27.2 27.2 27.2 27.2 27.2 27.2 27.2 27.2 27.2 27.2 27.2 27.2 27.2 27.2 27.2 27.2 27.2 27.2 27.2 27.2 27.2 27.2 27.2 27.2 27.2 27.2 27.2 27.2 27.2 27.2 27.2 27.2 27.2 27.2 27.2 27.2 27.2 27.2 27.2 27.2 27.2 27.2 27.2 27.2 27.2 27.2 27.2 27.2 27.2 27.2 27.2 27.2 27.2 27.2 27.2 27.2 27.2 27.2 27.2 27.2 27.2 
28.1 28.1 28.1 28.1 28.1 28.1 28.1 28.1 28.1 28.1 28.1 28.1 28.1 28.1 28.1 28.1 28.1 28.1 28.1 28.1 28.1 28.1 28.1 28.1 28.1 28.1 28.1 28.1 28.1 28.1 28.1 28.1 28.1 28.1 28.1 28.1 28.1 28.1 28.1 28.1 28.1 28.1 28.1 28.1 28.1 28.1 28.1 28.1 28.1 28.1 28.1 28.1 28.1 28.1 28.1 28.1 28.1 28.1 28.1 28.1 28.1 28.1 28.1 28.1 28.1 28.1 28.1 28.1 28.1 28.1 28.1 28.1 28.1 28.1 28.1 28.1 28.1 28.1 28.1 28.1 28.1 28.1 28.1 28.1 28.1 28.1 28.1 28.1 28.1 28.1 28.1 28.1 28.1 28.1 28.1 28.1 28.1 28.1 28.1 28.1 28.1 28.1 28.1 28.1 28.1 28.1 28.1 28.1 28.1 28.1 28.1 28.1 28.1 28.1 28.1 28.1 28.1 28.1 28.1 28.1 
37.5 37.5 37.5 37.5 37.5 37.5 37.5 37.5 37.5 37.5 37.5 37.5 37.5 37.5 37.5 37.5 37.5 37.5 37.5 37.5 37.5 37.5 37.5 37.5 37.5 37.5 37.5 37.5 37.5 37.5 37.5 37.5 37.5 37.5 37.5 37.5 37.5 37.5 37.5 37.5 37.5 37.5 37.5 37.5 37.5 37.5 37.5 37.5 37.5 37.5 37.5 37.5 37.5 37.5 37.5 37.5 37.5 37.5 37.5 37.5 37.5 37.5 37.5 37.5 37.5 37.5 37.5 37.5 37.5 37.5 37.5 37.5 37.5 37.5 37.5 37.5 37.5 37.5 37.5 37.5 37.5 37.5 37.5 37.5 37.5 37.5 37.5 37.5 37.5 37.5 37.5 37.5 37.5 37.5 37.5 37.5 37.5 37.5 37.5 37.5 37.5 37.5 37.5 37.5 37.5 37.5 37.5 37.5 37.5 37.5 37.5 37.5 37.5 37.5 37.5 37.5 37.5 37.5 37.5 37.5 
29.6 29.6 29.6 29.6 29.6 29.6 29.6 29.6 29.6 29.6 29.6 29.6 29.6 29.6 29.6 29.6 29.6 29.6 29.6 29.6 29.6 29.6 29.6 29.6 29.6 29.6 29.6 29.6 29.6 29.6 29.6 29.6 29.6 29.6 29.6 29.6 29.6 29.6 29.6 29.6 29.6 29.6 29.6 29.6 29.6 29.6 29.6 29.6 29.6 29.6 29.6 29.6 29.6 29.6 29.6 29.6 29.6 29.6 29.6 29.6 29.6 29.6 29.6 29.6 29.6 29.6 29.6 29.6 29.6 29.6 29.6 29.6 29.6 29.6 29.6 29.6 29.6 29.6 29.6 29.6 29.6 29.6 29.6 29.6 29.6 29.6 29.6 29.6 29.6 29.6 29.6 29.6 29.6 29.6 29.6 29.6 29.6 29.6 29.6 29.6 29.6 29.6 29.6 29.6 29.6 29.6 29.6 29.6 29.6 29.6 29.6 29.6 29.6 29.6 29.6 29.6 29.6 29.6 29.6 29.6 
32.9 32.9 32.9 32.9 32.9 32.9 32.9 32.9 32.9 32.9 32.9 32.9 32.9 32.9 32.9 32.9 32.9 32.9 32.9 32.9 32.9 32.9 32.9 32.9 32.9 32.9 32.9 32.9 32.9 32.9 32.9 32.9 32.9 32.9 32.9 32.9 32.9 32.9 32.9 32.9 32.9 32.9 32.9 32.9 32.9 32.9 32.9 32.9 32.9 32.9 32.9 32.9 32.9 32.9 32.9 32.9 32.9 32.9 32.9 32.9 32.9 32.9 32.9 32.9 32.9 32.9 32.9 32.9 32.9 32.9 32.9 32.9 32.9 32.9 32.9 32.9 32.9 32.9 32.9 32.9 32.9 32.9 32.9 32.9 32.9 32.9 32.9 32.9 32.9 32.9 32.9 32.9 32.9 32.9 32.9 32.9 32.9 32.9 32.9 32.9 32.9 32.9 32.9 32.9 32.9 32.9 32.9 32.9 32.9 32.9 32.9 32.9 32.9 32.9 32.9 32.9 32.9 32.9 32.9 32.9 
37.7 37.7 37.7 37.7 37.7 37.7 37.7 37.7 37.7 37.7 37.7 37.7 37.7 37.7 37.7 37.7 37.7 37.7 37.7 37.7 37.7 37.7 37.7 37.7 37.7 37.7 37.7 37.7 37.7 37.7 37.7 37.7 37.7 37.7 37.7 37.7 37.7 37.7 37.7 37.7 37.7 37.7 37.7 37.7 37.7 37.7 37.7 37.7 37.7 37.7 37.7 37.7 37.7 37.7 37.7 37.7 37.7 37.7 37.7 37.7 37.7 37.7 37.7 37.7 37.7 37.7 37.7 37.7 37.7 37.7 37.7 37.7 37.7 37.7 37.7 37.7 37.7 37.7 37.7 37.7 37.7 37.7 37.7 37.7 37.7 37.7 37.7 37.7 37.7 37.7 37.7 37.7 37.7 37.7 37.7 37.7 37.7 37.7 37.7 37.7 37.7 37.7 37.7 37.7 37.7 37.7 37.7 37.7 37.7 37.7 37.7 37.7 37.7 37.7 37.7 37.7 37.7 37.7 37.7 37.7 
28.3 28.3 28.3 28.3 28.3 28.3 28.3 28.3 28.3 28.3 28.3 28.3 28.3 28.3 28.3 28.3 28.3 28.3 28.3 28.3 28.3 28.3 28.3 28.3 28.3 28.3 28.3 28.3 28.3 28.3 28.3 28.3 28.3 28.3 28.3 28.3 28.3 28.3 28.3 28.3 28.3 28.3 28.3 28.3 28.3 28.3 28.3 28.3 28.3 28.3 28.3 28.3 28.3 28.3 28.3 28.3 28.3 28.3 28.3 28.3 28.3 28.3 28.3 28.3 28.3 28.3 28.3 28.3 28.3 28.3 28.3 28.3 28.3 28.3 28.3 28.3 28.3 28.3 28.3 28.3 28.3 28.3 28.3 28.3 28.3 28.3 28.3 28.3 28.3 28.3 28.3 28.3 28.3 28.3 28.3 28.3 28.3 28.3 28.3 28.3 28.3 28.3 28.3 28.3 28.3 28.3 28.3 28.3 28.3 28.3 28.3 28.3 28.3 28.3 28.3 28.3 28.3 28.3 28.3 28.3 
34 34 34 34 34 34 34 34 34 34 34 34 34 34 34 34 34 34 34 34 34 34 34 34 34 34 34 34 34 34 34 34 34 34 34 34 34 34 34 34 34 34 34 34 34 34 34 34 34 34 34 34 34 34 34 34 34 34 34 34 34 34 34 34 34 34 34 34 34 34 34 34 34 34 34 34 34 34 34 34 34 34 34 34 34 34 34 34 34 34 34 34 34 34 34 34 34 34 34 34 34 34 34 34 34 34 34 34 34 34 34 34 34 34 34 34 34 34 34 34 
47.3 47.3 47.3 47.3 47.3 47.3 47.3 47.3 47.3 47.3 47.3 47.3 47.3 47.3 47.3 47.3 47.3 47.3 47.3 47.3 47.3 47.3 47.3 47.3 47.3 47.3 47.3 47.3 47.3 47.3 47.3 47.3 47.3 47.3 47.3 47.3 47.3 47.3 47.3 47.3 47.3 47.3 47.3 47.3 47.3 47.3 47.3 47.3 47.3 47.3 47.3 47.3 47.3 47.3 47.3 47.3 47.3 47.3 47.3 47.3 47.3 47.3 47.3 47.3 47.3 47.3 47.3 47.3 47.3 47.3 47.3 47.3 47.3 47.3 47.3 47.3 47.3 47.3 47.3 47.3 47.3 47.3 47.3 47.3 47.3 47.3 47.3 47.3 47.3 47.3 47.3 47.3 47.3 47.3 47.3 47.3 47.3 47.3 47.3 47.3 47.3 47.3 47.3 47.3 47.3 47.3 47.3 47.3 47.3 47.3 47.3 47.3 47.3 47.3 47.3 47.3 47.3 47.3 47.3 47.3 
25 25 25 25 25 25 25 25 25 25 25 25 25 25 25 25 25 25 25 25 25 25 25 25 25 25 25 25 25 25 25 25 25 25 25 25 25 25 25 25 25 25 25 25 25 25 25 25 25 25 25 25 25 25 25 25 25 25 25 25 25 25 25 25 25 25 25 25 25 25 25 25 25 25 25 25 25 25 25 25 25 25 25 25 25 25 25 25 25 25 25 25 25 25 25 25 25 25 25 25 25 25 25 25 25 25 25 25 25 25 25 25 25 25 25 25 25 25 25 25 
27.7 27.7 27.7 27.7 27.7 27.7 27.7 27.7 27.7 27.7 27.7 27.7 27.7 27.7 27.7 27.7 27.7 27.7 27.7 27.7 27.7 27.7 27.7 27.7 27.7 27.7 27.7 27.7 27.7 27.7 27.7 27.7 27.7 27.7 27.7 27.7 27.7 27.7 27.7 27.7 27.7 27.7 27.7 27.7 27.7 27.7 27.7 27.7 27.7 27.7 27.7 27.7 27.7 27.7 27.7 27.7 27.7 27.7 27.7 27.7 27.7 27.7 27.7 27.7 27.7 27.7 27.7 27.7 27.7 27.7 27.7 27.7 27.7 27.7 27.7 27.7 27.7 27.7 27.7 27.7 27.7 27.7 27.7 27.7 27.7 27.7 27.7 27.7 27.7 27.7 27.7 27.7 27.7 27.7 27.7 27.7 27.7 27.7 27.7 27.7 27.7 27.7 27.7 27.7 27.7 27.7 27.7 27.7 27.7 27.7 27.7 27.7 27.7 27.7 27.7 27.7 27.7 27.7 27.7 27.7 
49.5 49.5 49.5 49.5 49.5 49.5 49.5 49.5 49.5 49.5 49.5 49.5 49.5 49.5 49.5 49.5 49.5 49.5 49.5 49.5 49.5 49.5 49.5 49.5 49.5 49.5 49.5 49.5 49.5 49.5 49.5 49.5 49.5 49.5 49.5 49.5 49.5 49.5 49.5 49.5 49.5 49.5 49.5 49.5 49.5 49.5 49.5 49.5 49.5 49.5 49.5 49.5 49.5 49.5 49.5 49.5 49.5 49.5 49.5 49.5 49.5 49.5 49.5 49.5 49.5 49.5 49.5 49.5 49.5 49.5 49.5 49.5 49.5 49.5 49.5 49.5 49.5 49.5 49.5 49.5 49.5 49.5 49.5 49.5 49.5 49.5 49.5 49.5 49.5 49.5 49.5 49.5 49.5 49.5 49.5 49.5 49.5 49.5 49.5 49.5 49.5 49.5 49.5 49.5 49.5 49.5 49.5 49.5 49.5 49.5 49.5 49.5 49.5 49.5 49.5 49.5 49.5 49.5 49.5 49.5 
25 25 25 25 25 25 25 25 25 25 25 25 25 25 25 25 25 25 25 25 25 25 25 25 25 25 25 25 25 25 25 25 25 25 25 25 25 25 25 25 25 25 25 25 25 25 25 25 25 25 25 25 25 25 25 25 25 25 25 25 25 25 25 25 25 25 25 25 25 25 25 25 25 25 25 25 25 25 25 25 25 25 25 25 25 25 25 25 25 25 25 25 25 25 25 25 25 25 25 25 25 25 25 25 25 25 25 25 25 25 25 25 25 25 25 25 25 25 25 25 
25.5 25.5 25.5 25.5 25.5 25.5 25.5 25.5 25.5 25.5 25.5 25.5 25.5 25.5 25.5 25.5 25.5 25.5 25.5 25.5 25.5 25.5 25.5 25.5 25.5 25.5 25.5 25.5 25.5 25.5 25.5 25.5 25.5 25.5 25.5 25.5 25.5 25.5 25.5 25.5 25.5 25.5 25.5 25.5 25.5 25.5 25.5 25.5 25.5 25.5 25.5 25.5 25.5 25.5 25.5 25.5 25.5 25.5 25.5 25.5 25.5 25.5 25.5 25.5 25.5 25.5 25.5 25.5 25.5 25.5 25.5 25.5 25.5 25.5 25.5 25.5 25.5 25.5 25.5 25.5 25.5 25.5 25.5 25.5 25.5 25.5 25.5 25.5 25.5 25.5 25.5 25.5 25.5 25.5 25.5 25.5 25.5 25.5 25.5 25.5 25.5 25.5 25.5 25.5 25.5 25.5 25.5 25.5 25.5 25.5 25.5 25.5 25.5 25.5 25.5 25.5 25.5 25.5 25.5 25.5 
45.7 45.7 45.7 45.7 45.7 45.7 45.7 45.7 45.7 45.7 45.7 45.7 45.7 45.7 45.7 45.7 45.7 45.7 45.7 45.7 45.7 45.7 45.7 45.7 45.7 45.7 45.7 45.7 45.7 45.7 45.7 45.7 45.7 45.7 45.7 45.7 45.7 45.7 45.7 45.7 45.7 45.7 45.7 45.7 45.7 45.7 45.7 45.7 45.7 45.7 45.7 45.7 45.7 45.7 45.7 45.7 45.7 45.7 45.7 45.7 45.7 45.7 45.7 45.7 45.7 45.7 45.7 45.7 45.7 45.7 45.7 45.7 45.7 45.7 45.7 45.7 45.7 45.7 45.7 45.7 45.7 45.7 45.7 45.7 45.7 45.7 45.7 45.7 45.7 45.7 45.7 45.7 45.7 45.7 45.7 45.7 45.7 45.7 45.7 45.7 45.7 45.7 45.7 45.7 45.7 45.7 45.7 45.7 45.7 45.7 45.7 45.7 45.7 45.7 45.7 45.7 45.7 45.7 45.7 45.7 
25 25 25 25 25 25 25 25 25 25 25 25 25 25 25 25 25 25 25 25 25 25 25 25 25 25 25 25 25 25 25 25 25 25 25 25 25 25 25 25 25 25 25 25 25 25 25 25 25 25 25 25 25 25 25 25 25 25 25 25 25 25 25 25 25 25 25 25 25 25 25 25 25 25 25 25 25 25 25 25 25 25 25 25 25 25 25 25 25 25 25 25 25 25 25 25 25 25 25 25 25 25 25 25 25 25 25 25 25 25 25 25 25 25 25 25 25 25 25 25 
29.3 29.3 29.3 29.3 29.3 29.3 29.3 29.3 29.3 29.3 29.3 29.3 29.3 29.3 29.3 29.3 29.3 29.3 29.3 29.3 29.3 29.3 29.3 29.3 29.3 29.3 29.3 29.3 29.3 29.3 29.3 29.3 29.3 29.3 29.3 29.3 29.3 29.3 29.3 29.3 29.3 29.3 29.3 29.3 29.3 29.3 29.3 29.3 29.3 29.3 29.3 29.3 29.3 29.3 29.3 29.3 29.3 29.3 29.3 29.3 29.3 29.3 29.3 29.3 29.3 29.3 29.3 29.3 29.3 29.3 29.3 29.3 29.3 29.3 29.3 29.3 29.3 29.3 29.3 29.3 29.3 29.3 29.3 29.3 29.3 29.3 29.3 29.3 29.3 29.3 29.3 29.3 29.3 29.3 29.3 29.3 29.3 29.3 29.3 29.3 29.3 29.3 29.3 29.3 29.3 29.3 29.3 29.3 29.3 29.3 29.3 29.3 29.3 29.3 29.3 29.3 29.3 29.3 29.3 29.3 
39.5 39.5 39.5 39.5 39.5 39.5 39.5 39.5 39.5 39.5 39.5 39.5 39.5 39.5 39.5 39.5 39.5 39.5 39.5 39.5 39.5 39.5 39.5 39.5 39.5 39.5 39.5 39.5 39.5 39.5 39.5 39.5 39.5 39.5 39.5 39.5 39.5 39.5 39.5 39.5 39.5 39.5 39.5 39.5 39.5 39.5 39.5 39.5 39.5 39.5 39.5 39.5 39.5 39.5 39.5 39.5 39.5 39.5 39.5 39.5 39.5 39.5 39.5 39.5 39.5 39.5 39.5 39.5 39.5 39.5 39.5 39.5 39.5 39.5 39.5 39.5 39.5 39.5 39.5 39.5 39.5 39.5 39.5 39.5 39.5 39.5 39.5 39.5 39.5 39.5 39.5 39.5 39.5 39.5 39.5 39.5 39.5 39.5 39.5 39.5 39.5 39.5 39.5 39.5 39.5 39.5 39.5 39.5 39.5 39.5 39.5 39.5 39.5 39.5 39.5 39.5 39.5 39.5 39.5 39.5 
28.2 28.2 28.2 28.2 28.2 28.2 28.2 28.2 28.2 28.2 28.2 28.2 28.2 28.2 28.2 28.2 28.2 28.2 28.2 28.2 28.2 28.2 28.2 28.2 28.2 28.2 28.2 28.2 28.2 28.2 28.2 28.2 28.2 28.2 28.2 28.2 28.2 28.2 28.2 28.2 28.2 28.2 28.2 28.2 28.2 28.2 28.2 28.2 28.2 28.2 28.2 28.2 28.2 28.2 28.2 28.2 28.2 28.2 28.2 28.2 28.2 28.2 28.2 28.2 28.2 28.2 28.2 28.2 28.2 28.2 28.2 28.2 28.2 28.2 28.2 28.2 28.2 28.2 28.2 28.2 28.2 28.2 28.2 28.2 28.2 28.2 28.2 28.2 28.2 28.2 28.2 28.2 28.2 28.2 28.2 28.2 28.2 28.2 28.2 28.2 28.2 28.2 28.2 28.2 28.2 28.2 28.2 28.2 28.2 28.2 28.2 28.2 28.2 28.2 28.2 28.2 28.2 28.2 28.2 28.2 
32.3 32.3 32.3 32.3 32.3 32.3 32.3 32.3 32.3 32.3 32.3 32.3 32.3 32.3 32.3 32.3 32.3 32.3 32.3 32.3 32.3 32.3 32.3 32.3 32.3 32.3 32.3 32.3 32.3 32.3 32.3 32.3 32.3 32.3 32.3 32.3 32.3 32.3 32.3 32.3 32.3 32.3 32.3 32.3 32.3 32.3 32.3 32.3 32.3 32.3 32.3 32.3 32.3 32.3 32.3 32.3 32.3 32.3 32.3 32.3 32.3 32.3 32.3 32.3 32.3 32.3 32.3 32.3 32.3 32.3 32.3 32.3 32.3 32.3 32.3 32.3 32.3 32.3 32.3 32.3 32.3 32.3 32.3 32.3 32.3 32.3 32.3 32.3 32.3 32.3 32.3 32.3 32.3 32.3 32.3 32.3 32.3 32.3 32.3 32.3 32.3 32.3 32.3 32.3 32.3 32.3 32.3 32.3 32.3 32.3 32.3 32.3 32.3 32.3 32.3 32.3 32.3 32.3 32.3 32.3 
48.6 48.6 48.6 48.6 48.6 48.6 48.6 48.6 48.6 48.6 48.6 48.6 48.6 48.6 48.6 48.6 48.6 48.6 48.6 48.6 48.6 48.6 48.6 48.6 48.6 48.6 48.6 48.6 48.6 48.6 48.6 48.6 48.6 48.6 48.6 48.6 48.6 48.6 48.6 48.6 48.6 48.6 48.6 48.6 48.6 48.6 48.6 48.6 48.6 48.6 48.6 48.6 48.6 48.6 48.6 48.6 48.6 48.6 48.6 48.6 48.6 48.6 48.6 48.6 48.6 48.6 48.6 48.6 48.6 48.6 48.6 48.6 48.6 48.6 48.6 48.6 48.6 48.6 48.6 48.6 48.6 48.6 48.6 48.6 48.6 48.6 48.6 48.6 48.6 48.6 48.6 48.6 48.6 48.6 48.6 48.6 48.6 48.6 48.6 48.6 48.6 48.6 48.6 48.6 48.6 48.6 48.6 48.6 48.6 48.6 48.6 48.6 48.6 48.6 48.6 48.6 48.6 48.6 48.6 48.6 
25 25 25 25 25 25 25 25 25 25 25 25 25 25 25 25 25 25 25 25 25 25 25 25 25 25 25 25 25 25 25 25 25 25 25 25 25 25 25 25 25 25 25 25 25 25 25 25 25 25 25 25 25 25 25 25 25 25 25 25 25 25 25 25 25 25 25 25 25 25 25 25 25 25 25 25 25 25 25 25 25 25 25 25 25 25 25 25 25 25 25 25 25 25 25 25 25 25 25 25 25 25 25 25 25 25 25 25 25 25 25 25 25 25 25 25 25 25 25 25 
26.4 26.4 26.4 26.4 26.4 26.4 26.4 26.4 26.4 26.4 26.4 26.4 26.4 26.4 26.4 26.4 26.4 26.4 26.4 26.4 26.4 26.4 26.4 26.4 26.4 26.4 26.4 26.4 26.4 26.4 26.4 26.4 26.4 26.4 26.4 26.4 26.4 26.4 26.4 26.4 26.4 26.4 26.4 26.4 26.4 26.4 26.4 26.4 26.4 26.4 26.4 26.4 26.4 26.4 26.4 26.4 26.4 26.4 26.4 26.4 26.4 26.4 26.4 26.4 26.4 26.4 26.4 26.4 26.4 26.4 26.4 26.4 26.4 26.4 26.4 26.4 26.4 26.4 26.4 26.4 26.4 26.4 26.4 26.4 26.4 26.4 26.4 26.4 26.4 26.4 26.4 26.4 26.4 26.4 26.4 26.4 26.4 26.4 26.4 26.4 26.4 26.4 26.4 26.4 26.4 26.4 26.4 26.4 26.4 26.4 26.4 26.4 26.4 26.4 26.4 26.4 26.4 26.4 26.4 26.4 
35.8 35.8 35.8 35.8 35.8 35.8 35.8 35.8 35.8 35.8 35.8 35.8 35.8 35.8 35.8 35.8 35.8 35.8 35.8 35.8 35.8 35.8 35.8 35.8 35.8 35.8 35.8 35.8 35.8 35.8 35.8 35.8 35.8 35.8 35.8 35.8 35.8 35.8 35.8 35.8 35.8 35.8 35.8 35.8 35.8 35.8 35.8 35.8 35.8 35.8 35.8 35.8 35.8 35.8 35.8 35.8 35.8 35.8 35.8 35.8 35.8 35.8 35.8 35.8 35.8 35.8 35.8 35.8 35.8 35.8 35.8 35.8 35.8 35.8 35.8 35.8 35.8 35.8 35.8 35.8 35.8 35.8 35.8 35.8 35.8 35.8 35.8 35.8 35.8 35.8 35.8 35.8 35.8 35.8 35.8 35.8 35.8 35.8 35.8 35.8 35.8 35.8 35.8 35.8 35.8 35.8 35.8 35.8 35.8 35.8 35.8 35.8 35.8 35.8 35.8 35.8 35.8 35.8 35.8 35.8 
25.4 25.4 25.4 25.4 25.4 25.4 25.4 25.4 25.4 25.4 25.4 25.4 25.4 25.4 25.4 25.4 25.4 25.4 25.4 25.4 25.4 25.4 25.4 25.4 25.4 25.4 25.4 25.4 25.4 25.4 25.4 25.4 25.4 25.4 25.4 25.4 25.4 25.4 25.4 25.4 25.4 25.4 25.4 25.4 25.4 25.4 25.4 25.4 25.4 25.4 25.4 25.4 25.4 25.4 25.4 25.4 25.4 25.4 25.4 25.4 25.4 25.4 25.4 25.4 25.4 25.4 25.4 25.4 25.4 25.4 25.4 25.4 25.4 25.4 25.4 25.4 25.4 25.4 25.4 25.4 25.4 25.4 25.4 25.4 25.4 25.4 25.4 25.4 25.4 25.4 25.4 25.4 25.4 25.4 25.4 25.4 25.4 25.4 25.4 25.4 25.4 25.4 25.4 25.4 25.4 25.4 25.4 25.4 25.4 25.4 25.4 25.4 25.4 25.4 25.4 25.4 25.4 25.4 25.4 25.4 
38.8 38.8 38.8 38.8 38.8 38.8 38.8 38.8 38.8 38.8 38.8 38.8 38.8 38.8 38.8 38.8 38.8 38.8 38.8 38.8 38.8 38.8 38.8 38.8 38.8 38.8 38.8 38.8 38.8 38.8 38.8 38.8 38.8 38.8 38.8 38.8 38.8 38.8 38.8 38.8 38.8 38.8 38.8 38.8 38.8 38.8 38.8 38.8 38.8 38.8 38.8 38.8 38.8 38.8 38.8 38.8 38.8 38.8 38.8 38.8 38.8 38.8 38.8 38.8 38.8 38.8 38.8 38.8 38.8 38.8 38.8 38.8 38.8 38.8 38.8 38.8 38.8 38.8 38.8 38.8 38.8 38.8 38.8 38.8 38.8 38.8 38.8 38.8 38.8 38.8 38.8 38.8 38.8 38.8 38.8 38.8 38.8 38.8 38.8 38.8 38.8 38.8 38.8 38.8 38.8 38.8 38.8 38.8 38.8 38.8 38.8 38.8 38.8 38.8 38.8 38.8 38.8 38.8 38.8 38.8 
40 40 40 40 40 40 40 40 40 40 40 40 40 40 40 40 40 40 40 40 40 40 40 40 40 40 40 40 40 40 40 40 40 40 40 40 40 40 40 40 40 40 40 40 40 40 40 40 40 40 40 40 40 40 40 40 40 40 40 40 40 40 40 40 40 40 40 40 40 40 40 40 40 40 40 40 40 40 40 40 40 40 40 40 40 40 40 40 40 40 40 40 40 40 40 40 40 40 40 40 40 40 40 40 40 40 40 40 40 40 40 40 40 40 40 40 40 40 40 40 
27.1 27.1 27.1 27.1 27.1 27.1 27.1 27.1 27.1 27.1 27.1 27.1 27.1 27.1 27.1 27.1 27.1 27.1 27.1 27.1 27.1 27.1 27.1 27.1 27.1 27.1 27.1 27.1 27.1 27.1 27.1 27.1 27.1 27.1 27.1 27.1 27.1 27.1 27.1 27.1 27.1 27.1 27.1 27.1 27.1 27.1 27.1 27.1 27.1 27.1 27.1 27.1 27.1 27.1 27.1 27.1 27.1 27.1 27.1 27.1 27.1 27.1 27.1 27.1 27.1 27.1 27.1 27.1 27.1 27.1 27.1 27.1 27.1 27.1 27.1 27.1 27.1 27.1 27.1 27.1 27.1 27.1 27.1 27.1 27.1 27.1 27.1 27.1 27.1 27.1 27.1 27.1 27.1 27.1 27.1 27.1 27.1 27.1 27.1 27.1 27.1 27.1 27.1 27.1 27.1 27.1 27.1 27.1 27.1 27.1 27.1 27.1 27.1 27.1 27.1 27.1 27.1 27.1 27.1 27.1 
32.9 32.9 32.9 32.9 32.9 32.9 32.9 32.9 32.9 32.9 32.9 32.9 32.9 32.9 32.9 32.9 32.9 32.9 32.9 32.9 32.9 32.9 32.9 32.9 32.9 32.9 32.9 32.9 32.9 32.9 32.9 32.9 32.9 32.9 32.9 32.9 32.9 32.9 32.9 32.9 32.9 32.9 32.9 32.9 32.9 32.9 32.9 32.9 32.9 32.9 32.9 32.9 32.9 32.9 32.9 32.9 32.9 32.9 32.9 32.9 32.9 32.9 32.9 32.9 32.9 32.9 32.9 32.9 32.9 32.9 32.9 32.9 32.9 32.9 32.9 32.9 32.9 32.9 32.9 32.9 32.9 32.9 32.9 32.9 32.9 32.9 32.9 32.9 32.9 32.9 32.9 32.9 32.9 32.9 32.9 32.9 32.9 32.9 32.9 32.9 32.9 32.9 32.9 32.9 32.9 32.9 32.9 32.9 32.9 32.9 32.9 32.9 32.9 32.9 32.9 32.9 32.9 32.9 32.9 32.9 
46 46 46 46 46 46 46 46 46 46 46 46 46 46 46 46 46 46 46 46 46 46 46 46 46 46 46 46 46 46 46 46 46 46 46 46 46 46 46 46 46 46 46 46 46 46 46 46 46 46 46 46 46 46 46 46 46 46 46 46 46 46 46 46 46 46 46 46 46 46 46 46 46 46 46 46 46 46 46 46 46 46 46 46 46 46 46 46 46 46 46 46 46 46 46 46 46 46 46 46 46 46 46 46 46 46 46 46 46 46 46 46 46 46 46 46 46 46 46 46 
26 26 26 26 26 26 26 26 26 26 26 26 26 26 26 26 26 26 26 26 26 26 26 26 26 26 26 26 26 26 26 26 26 26 26 26 26 26 26 26 26 26 26 26 26 26 26 26 26 26 26 26 26 26 26 26 26 26 26 26 26 26 26 26 26 26 26 26 26 26 26 26 26 26 26 26 26 26 26 26 26 26 26 26 26 26 26 26 26 26 26 26 26 26 26 26 26 26 26 26 26 26 26 26 26 26 26 26 26 26 26 26 26 26 26 26 26 26 26 26 
28 28 28 28 28 28 28 28 28 28 28 28 28 28 28 28 28 28 28 28 28 28 28 28 28 28 28 28 28 28 28 28 28 28 28 28 28 28 28 28 28 28 28 28 28 28 28 28 28 28 28 28 28 28 28 28 28 28 28 28 28 28 28 28 28 28 28 28 28 28 28 28 28 28 28 28 28 28 28 28 28 28 28 28 28 28 28 28 28 28 28 28 28 28 28 28 28 28 28 28 28 28 28 28 28 28 28 28 28 28 28 28 28 28 28 28 28 28 28 28 
44.6 44.6 44.6 44.6 44.6 44.6 44.6 44.6 44.6 44.6 44.6 44.6 44.6 44.6 44.6 44.6 44.6 44.6 44.6 44.6 44.6 44.6 44.6 44.6 44.6 44.6 44.6 44.6 44.6 44.6 44.6 44.6 44.6 44.6 44.6 44.6 44.6 44.6 44.6 44.6 44.6 44.6 44.6 44.6 44.6 44.6 44.6 44.6 44.6 44.6 44.6 44.6 44.6 44.6 44.6 44.6 44.6 44.6 44.6 44.6 44.6 44.6 44.6 44.6 44.6 44.6 44.6 44.6 44.6 44.6 44.6 44.6 44.6 44.6 44.6 44.6 44.6 44.6 44.6 44.6 44.6 44.6 44.6 44.6 44.6 44.6 44.6 44.6 44.6 44.6 44.6 44.6 44.6 44.6 44.6 44.6 44.6 44.6 44.6 44.6 44.6 44.6 44.6 44.6 44.6 44.6 44.6 44.6 44.6 44.6 44.6 44.6 44.6 44.6 44.6 44.6 44.6 44.6 44.6 44.6 
26 26 26 26 26 26 26 26 26 26 26 26 26 26 26 26 26 26 26 26 26 26 26 26 26 26 26 26 26 26 26 26 26 26 26 26 26 26 26 26 26 26 26 26 26 26 26 26 26 26 26 26 26 26 26 26 26 26 26 26 26 26 26 26 26 26 26 26 26 26 26 26 26 26 26 26 26 26 26 26 26 26 26 26 26 26 26 26 26 26 26 26 26 26 26 26 26 26 26 26 26 26 26 26 26 26 26 26 26 26 26 26 26 26 26 26 26 26 26 26 
29.4 29.4 29.4 29.4 29.4 29.4 29.4 29.4 29.4 29.4 29.4 29.4 29.4 29.4 29.4 29.4 29.4 29.4 29.4 29.4 29.4 29.4 29.4 29.4 29.4 29.4 29.4 29.4 29.4 29.4 29.4 29.4 29.4 29.4 29.4 29.4 29.4 29.4 29.4 29.4 29.4 29.4 29.4 29.4 29.4 29.4 29.4 29.4 29.4 29.4 29.4 29.4 29.4 29.4 29.4 29.4 29.4 29.4 29.4 29.4 29.4 29.4 29.4 29.4 29.4 29.4 29.4 29.4 29.4 29.4 29.4 29.4 29.4 29.4 29.4 29.4 29.4 29.4 29.4 29.4 29.4 29.4 29.4 29.4 29.4 29.4 29.4 29.4 29.4 29.4 29.4 29.4 29.4 29.4 29.4 29.4 29.4 29.4 29.4 29.4 29.4 29.4 29.4 29.4 29.4 29.4 29.4 29.4 29.4 29.4 29.4 29.4 29.4 29.4 29.4 29.4 29.4 29.4 29.4 29.4 
44.7 44.7 44.7 44.7 44.7 44.7 44.7 44.7 44.7 44.7 44.7 44.7 44.7 44.7 44.7 44.7 44.7 44.7 44.7 44.7 44.7 44.7 44.7 44.7 44.7 44.7 44.7 44.7 44.7 44.7 44.7 44.7 44.7 44.7 44.7 44.7 44.7 44.7 44.7 44.7 44.7 44.7 44.7 44.7 44.7 44.7 44.7 44.7 44.7 44.7 44.7 44.7 44.7 44.7 44.7 44.7 44.7 44.7 44.7 44.7 44.7 44.7 44.7 44.7 44.7 44.7 44.7 44.7 44.7 44.7 44.7 44.7 44.7 44.7 44.7 44.7 44.7 44.7 44.7 44.7 44.7 44.7 44.7 44.7 44.7 44.7 44.7 44.7 44.7 44.7 44.7 44.7 44.7 44.7 44.7 44.7 44.7 44.7 44.7 44.7 44.7 44.7 44.7 44.7 44.7 44.7 44.7 44.7 44.7 44.7 44.7 44.7 44.7 44.7 44.7 44.7 44.7 44.7 44.7 44.7 
26 26 26 26 26 26 26 26 26 26 26 26 26 26 26 26 26 26 26 26 26 26 26 26 26 26 26 26 26 26 26 26 26 26 26 26 26 26 26 26 26 26 26 26 26 26 26 26 26 26 26 26 26 26 26 26 26 26 26 26 26 26 26 26 26 26 26 26 26 26 26 26 26 26 26 26 26 26 26 26 26 26 26 26 26 26 26 26 26 26 26 26 26 26 26 26 26 26 26 26 26 26 26 26 26 26 26 26 26 26 26 26 26 26 26 26 26 26 26 26 
29.3 29.3 29.3 29.3 29.3 29.3 29.3 29.3 29.3 29.3 29.3 29.3 29.3 29.3 29.3 29.3 29.3 29.3 29.3 29.3 29.3 29.3 29.3 29.3 29.3 29.3 29.3 29.3 29.3 29.3 29.3 29.3 29.3 29.3 29.3 29.3 29.3 29.3 29.3 29.3 29.3 29.3 29.3 29.3 29.3 29.3 29.3 29.3 29.3 29.3 29.3 29.3 29.3 29.3 29.3 29.3 29.3 29.3 29.3 29.3 29.3 29.3 29.3 29.3 29.3 29.3 29.3 29.3 29.3 29.3 29.3 29.3 29.3 29.3 29.3 29.3 29.3 29.3 29.3 29.3 29.3 29.3 29.3 29.3 29.3 29.3 29.3 29.3 29.3 29.3 29.3 29.3 29.3 29.3 29.3 29.3 29.3 29.3 29.3 29.3 29.3 29.3 29.3 29.3 29.3 29.3 29.3 29.3 29.3 29.3 29.3 29.3 29.3 29.3 29.3 29.3 29.3 29.3 29.3 29.3 
35.6 35.6 35.6 35.6 35.6 35.6 35.6 35.6 35.6 35.6 35.6 35.6 35.6 35.6 35.6 35.6 35.6 35.6 35.6 35.6 35.6 35.6 35.6 35.6 35.6 35.6 35.6 35.6 35.6 35.6 35.6 35.6 35.6 35.6 35.6 35.6 35.6 35.6 35.6 35.6 35.6 35.6 35.6 35.6 35.6 35.6 35.6 35.6 35.6 35.6 35.6 35.6 35.6 35.6 35.6 35.6 35.6 35.6 35.6 35.6 35.6 35.6 35.6 35.6 35.6 35.6 35.6 35.6 35.6 35.6 35.6 35.6 35.6 35.6 35.6 35.6 35.6 35.6 35.6 35.6 35.6 35.6 35.6 35.6 35.6 35.6 35.6 35.6 35.6 35.6 35.6 35.6 35.6 35.6 35.6 35.6 35.6 35.6 35.6 35.6 35.6 35.6 35.6 35.6 35.6 35.6 35.6 35.6 35.6 35.6 35.6 35.6 35.6 35.6 35.6 35.6 35.6 35.6 35.6 35.6 
26.9 26.9 26.9 26.9 26.9 26.9 26.9 26.9 26.9 26.9 26.9 26.9 26.9 26.9 26.9 26.9 26.9 26.9 26.9 26.9 26.9 26.9 26.9 26.9 26.9 26.9 26.9 26.9 26.9 26.9 26.9 26.9 26.9 26.9 26.9 26.9 26.9 26.9 26.9 26.9 26.9 26.9 26.9 26.9 26.9 26.9 26.9 26.9 26.9 26.9 26.9 26.9 26.9 26.9 26.9 26.9 26.9 26.9 26.9 26.9 26.9 26.9 26.9 26.9 26.9 26.9 26.9 26.9 26.9 26.9 26.9 26.9 26.9 26.9 26.9 26.9 26.9 26.9 26.9 26.9 26.9 26.9 26.9 26.9 26.9 26.9 26.9 26.9 26.9 26.9 26.9 26.9 26.9 26.9 26.9 26.9 26.9 26.9 26.9 26.9 26.9 26.9 26.9 26.9 26.9 26.9 26.9 26.9 26.9 26.9 26.9 26.9 26.9 26.9 26.9 26.9 26.9 26.9 26.9 26.9 
37.5 37.5 37.5 37.5 37.5 37.5 37.5 37.5 37.5 37.5 37.5 37.5 37.5 37.5 37.5 37.5 37.5 37.5 37.5 37.5 37.5 37.5 37.5 37.5 37.5 37.5 37.5 37.5 37.5 37.5 37.5 37.5 37.5 37.5 37.5 37.5 37.5 37.5 37.5 37.5 37.5 37.5 37.5 37.5 37.5 37.5 37.5 37.5 37.5 37.5 37.5 37.5 37.5 37.5 37.5 37.5 37.5 37.5 37.5 37.5 37.5 37.5 37.5 37.5 37.5 37.5 37.5 37.5 37.5 37.5 37.5 37.5 37.5 37.5 37.5 37.5 37.5 37.5 37.5 37.5 37.5 37.5 37.5 37.5 37.5 37.5 37.5 37.5 37.5 37.5 37.5 37.5 37.5 37.5 37.5 37.5 37.5 37.5 37.5 37.5 37.5 37.5 37.5 37.5 37.5 37.5 37.5 37.5 37.5 37.5 37.5 37.5 37.5 37.5 37.5 37.5 37.5 37.5 37.5 37.5 
39.8 39.8 39.8 39.8 39.8 39.8 39.8 39.8 39.8 39.8 39.8 39.8 39.8 39.8 39.8 39.8 39.8 39.8 39.8 39.8 39.8 39.8 39.8 39.8 39.8 39.8 39.8 39.8 39.8 39.8 39.8 39.8 39.8 39.8 39.8 39.8 39.8 39.8 39.8 39.8 39.8 39.8 39.8 39.8 39.8 39.8 39.8 39.8 39.8 39.8 39.8 39.8 39.8 39.8 39.8 39.8 39.8 39.8 39.8 39.8 39.8 39.8 39.8 39.8 39.8 39.8 39.8 39.8 39.8 39.8 39.8 39.8 39.8 39.8 39.8 39.8 39.8 39.8 39.8 39.8 39.8 39.8 39.8 39.8 39.8 39.8 39.8 39.8 39.8 39.8 39.8 39.8 39.8 39.8 39.8 39.8 39.8 39.8 39.8 39.8 39.8 39.8 39.8 39.8 39.8 39.8 39.8 39.8 39.8 39.8 39.8 39.8 39.8 39.8 39.8 39.8 39.8 39.8 39.8 39.8 
25.5 25.5 25.5 25.5 25.5 25.5 25.5 25.5 25.5 25.5 25.5 25.5 25.5 25.5 25.5 25.5 25.5 25.5 25.5 25.5 25.5 25.5 25.5 25.5 25.5 25.5 25.5 25.5 25.5 25.5 25.5 25.5 25.5 25.5 25.5 25.5 25.5 25.5 25.5 25.5 25.5 25.5 25.5 25.5 25.5 25.5 25.5 25.5 25.5 25.5 25.5 25.5 25.5 25.5 25.5 25.5 25.5 25.5 25.5 25.5 25.5 25.5 25.5 25.5 25.5 25.5 25.5 25.5 25.5 25.5 25.5 25.5 25.5 25.5 25.5 25.5 25.5 25.5 25.5 25.5 25.5 25.5 25.5 25.5 25.5 25.5 25.5 25.5 25.5 25.5 25.5 25.5 25.5 25.5 25.5 25.5 25.5 25.5 25.5 25.5 25.5 25.5 25.5 25.5 25.5 25.5 25.5 25.5 25.5 25.5 25.5 25.5 25.5 25.5 25.5 25.5 25.5 25.5 25.5 25.5 
34.7 34.7 34.7 34.7 34.7 34.7 34.7 34.7 34.7 34.7 34.7 34.7 34.7 34.7 34.7 34.7 34.7 34.7 34.7 34.7 34.7 34.7 34.7 34.7 34.7 34.7 34.7 34.7 34.7 34.7 34.7 34.7 34.7 34.7 34.7 34.7 34.7 34.7 34.7 34.7 34.7 34.7 34.7 34.7 34.7 34.7 34.7 34.7 34.7 34.7 34.7 34.7 34.7 34.7 34.7 34.7 34.7 34.7 34.7 34.7 34.7 34.7 34.7 34.7 34.7 34.7 34.7 34.7 34.7 34.7 34.7 34.7 34.7 34.7 34.7 34.7 34.7 34.7 34.7 34.7 34.7 34.7 34.7 34.7 34.7 34.7 34.7 34.7 34.7 34.7 34.7 34.7 34.7 34.7 34.7 34.7 34.7 34.7 34.7 34.7 34.7 34.7 34.7 34.7 34.7 34.7 34.7 34.7 34.7 34.7 34.7 34.7 34.7 34.7 34.7 34.7 34.7 34.7 34.7 34.7 
45.5 45.5 45.5 45.5 45.5 45.5 45.5 45.5 45.5 45.5 45.5 45.5 45.5 45.5 45.5 45.5 45.5 45.5 45.5 45.5 45.5 45.5 45.5 45.5 45.5 45.5 45.5 45.5 45.5 45.5 45.5 45.5 45.5 45.5 45.5 45.5 45.5 45.5 45.5 45.5 45.5 45.5 45.5 45.5 45.5 45.5 45.5 45.5 45.5 45.5 45.5 45.5 45.5 45.5 45.5 45.5 45.5 45.5 45.5 45.5 45.5 45.5 45.5 45.5 45.5 45.5 45.5 45.5 45.5 45.5 45.5 45.5 45.5 45.5 45.5 45.5 45.5 45.5 45.5 45.5 45.5 45.5 45.5 45.5 45.5 45.5 45.5 45.5 45.5 45.5 45.5 45.5 45.5 45.5 45.5 45.5 45.5 45.5 45.5 45.5 45.5 45.5 45.5 45.5 45.5 45.5 45.5 45.5 45.5 45.5 45.5 45.5 45.5 45.5 45.5 45.5 45.5 45.5 45.5 45.5 
26.4 26.4 26.4 26.4 26.4 26.4 26.4 26.4 26.4 26.4 26.4 26.4 26.4 26.4 26.4 26.4 26.4 26.4 26.4 26.4 26.4 26.4 26.4 26.4 26.4 26.4 26.4 26.4 26.4 26.4 26.4 26.4 26.4 26.4 26.4 26.4 26.4 26.4 26.4 26.4 26.4 26.4 26.4 26.4 26.4 26.4 26.4 26.4 26.4 26.4 26.4 26.4 26.4 26.4 26.4 26.4 26.4 26.4 26.4 26.4 26.4 26.4 26.4 26.4 26.4 26.4 26.4 26.4 26.4 26.4 26.4 26.4 26.4 26.4 26.4 26.4 26.4 26.4 26.4 26.4 26.4 26.4 26.4 26.4 26.4 26.4 26.4 26.4 26.4 26.4 26.4 26.4 26.4 26.4 26.4 26.4 26.4 26.4 26.4 26.4 26.4 26.4 26.4 26.4 26.4 26.4 26.4 26.4 26.4 26.4 26.4 26.4 26.4 26.4 26.4 26.4 26.4 26.4 26.4 26.4 
28.1 28.1 28.1 28.1 28.1 28.1 28.1 28.1 28.1 28.1 28.1 28.1 28.1 28.1 28.1 28.1 28.1 28.1 28.1 28.1 28.1 28.1 28.1 28.1 28.1 28.1 28.1 28.1 28.1 28.1 28.1 28.1 28.1 28.1 28.1 28.1 28.1 28.1 28.1 28.1 28.1 28.1 28.1 28.1 28.1 28.1 28.1 28.1 28.1 28.1 28.1 28.1 28.1 28.1 28.1 28.1 28.1 28.1 28.1 28.1 28.1 28.1 28.1 28.1 28.1 28.1 28.1 28.1 28.1 28.1 28.1 28.1 28.1 28.1 28.1 28.1 28.1 28.1 28.1 28.1 28.1 28.1 28.1 28.1 28.1 28.1 28.1 28.1 28.1 28.1 28.1 28.1 28.1 28.1 28.1 28.1 28.1 28.1 28.1 28.1 28.1 28.1 28.1 28.1 28.1 28.1 28.1 28.1 28.1 28.1 28.1 28.1 28.1 28.1 28.1 28.1 28.1 28.1 28.1 28.1 
35.4 35.4 35.4 35.4 35.4 35.4 35.4 35.4 35.4 35.4 35.4 35.4 35.4 35.4 35.4 35.4 35.4 35.4 35.4 35.4 35.4 35.4 35.4 35.4 35.4 35.4 35.4 35.4 35.4 35.4 35.4 35.4 35.4 35.4 35.4 35.4 35.4 35.4 35.4 35.4 35.4 35.4 35.4 35.4 35.4 35.4 35.4 35.4 35.4 35.4 35.4 35.4 35.4 35.4 35.4 35.4 35.4 35.4 35.4 35.4 35.4 35.4 35.4 35.4 35.4 35.4 35.4 35.4 35.4 35.4 35.4 35.4 35.4 35.4 35.4 35.4 35.4 35.4 35.4 35.4 35.4 35.4 35.4 35.4 35.4 35.4 35.4 35.4 35.4 35.4 35.4 35.4 35.4 35.4 35.4 35.4 35.4 35.4 35.4 35.4 35.4 35.4 35.4 35.4 35.4 35.4 35.4 35.4 35.4 35.4 35.4 35.4 35.4 35.4 35.4 35.4 35.4 35.4 35.4 35.4 
29.8 29.8 29.8 29.8 29.8 29.8 29.8 29.8 29.8 29.8 29.8 29.8 29.8 29.8 29.8 29.8 29.8 29.8 29.8 29.8 29.8 29.8 29.8 29.8 29.8 29.8 29.8 29.8 29.8 29.8 29.8 29.8 29.8 29.8 29.8 29.8 29.8 29.8 29.8 29.8 29.8 29.8 29.8 29.8 29.8 29.8 29.8 29.8 29.8 29.8 29.8 29.8 29.8 29.8 29.8 29.8 29.8 29.8 29.8 29.8 29.8 29.8 29.8 29.8 29.8 29.8 29.8 29.8 29.8 29.8 29.8 29.8 29.8 29.8 29.8 29.8 29.8 29.8 29.8 29.8 29.8 29.8 29.8 29.8 29.8 29.8 29.8 29.8 29.8 29.8 29.8 29.8 29.8 29.8 29.8 29.8 29.8 29.8 29.8 29.8 29.8 29.8 29.8 29.8 29.8 29.8 29.8 29.8 29.8 29.8 29.8 29.8 29.8 29.8 29.8 29.8 29.8 29.8 29.8 29.8 
34.8 34.8 34.8 34.8 34.8 34.8 34.8 34.8 34.8 34.8 34.8 34.8 34.8 34.8 34.8 34.8 34.8 34.8 34.8 34.8 34.8 34.8 34.8 34.8 34.8 34.8 34.8 34.8 34.8 34.8 34.8 34.8 34.8 34.8 34.8 34.8 34.8 34.8 34.8 34.8 34.8 34.8 34.8 34.8 34.8 34.8 34.8 34.8 34.8 34.8 34.8 34.8 34.8 34.8 34.8 34.8 34.8 34.8 34.8 34.8 34.8 34.8 34.8 34.8 34.8 34.8 34.8 34.8 34.8 34.8 34.8 34.8 34.8 34.8 34.8 34.8 34.8 34.8 34.8 34.8 34.8 34.8 34.8 34.8 34.8 34.8 34.8 34.8 34.8 34.8 34.8 34.8 34.8 34.8 34.8 34.8 34.8 34.8 34.8 34.8 34.8 34.8 34.8 34.8 34.8 34.8 34.8 34.8 34.8 34.8 34.8 34.8 34.8 34.8 34.8 34.8 34.8 34.8 34.8 34.8 
47.3 47.3 47.3 47.3 47.3 47.3 47.3 47.3 47.3 47.3 47.3 47.3 47.3 47.3 47.3 47.3 47.3 47.3 47.3 47.3 47.3 47.3 47.3 47.3 47.3 47.3 47.3 47.3 47.3 47.3 47.3 47.3 47.3 47.3 47.3 47.3 47.3 47.3 47.3 47.3 47.3 47.3 47.3 47.3 47.3 47.3 47.3 47.3 47.3 47.3 47.3 47.3 47.3 47.3 47.3 47.3 47.3 47.3 47.3 47.3 47.3 47.3 47.3 47.3 47.3 47.3 47.3 47.3 47.3 47.3 47.3 47.3 47.3 47.3 47.3 47.3 47.3 47.3 47.3 47.3 47.3 47.3 47.3 47.3 47.3 47.3 47.3 47.3 47.3 47.3 47.3 47.3 47.3 47.3 47.3 47.3 47.3 47.3 47.3 47.3 47.3 47.3 47.3 47.3 47.3 47.3 47.3 47.3 47.3 47.3 47.3 47.3 47.3 47.3 47.3 47.3 47.3 47.3 47.3 47.3 
26.1 26.1 26.1 26.1 26.1 26.1 26.1 26.1 26.1 26.1 26.1 26.1 26.1 26.1 26.1 26.1 26.1 26.1 26.1 26.1 26.1 26.1 26.1 26.1 26.1 26.1 26.1 26.1 26.1 26.1 26.1 26.1 26.1 26.1 26.1 26.1 26.1 26.1 26.1 26.1 26.1 26.1 26.1 26.1 26.1 26.1 26.1 26.1 26.1 26.1 26.1 26.1 26.1 26.1 26.1 26.1 26.1 26.1 26.1 26.1 26.1 26.1 26.1 26.1 26.1 26.1 26.1 26.1 26.1 26.1 26.1 26.1 26.1 26.1 26.1 26.1 26.1 26.1 26.1 26.1 26.1 26.1 26.1 26.1 26.1 26.1 26.1 26.1 26.1 26.1 26.1 26.1 26.1 26.1 26.1 26.1 26.1 26.1 26.1 26.1 26.1 26.1 26.1 26.1 26.1 26.1 26.1 26.1 26.1 26.1 26.1 26.1 26.1 26.1 26.1 26.1 26.1 26.1 26.1 26.1 
26.6 26.6 26.6 26.6 26.6 26.6 26.6 26.6 26.6 26.6 26.6 26.6 26.6 26.6 26.6 26.6 26.6 26.6 26.6 26.6 26.6 26.6 26.6 26.6 26.6 26.6 26.6 26.6 26.6 26.6 26.6 26.6 26.6 26.6 26.6 26.6 26.6 26.6 26.6 26.6 26.6 26.6 26.6 26.6 26.6 26.6 26.6 26.6 26.6 26.6 26.6 26.6 26.6 26.6 26.6 26.6 26.6 26.6 26.6 26.6 26.6 26.6 26.6 26.6 26.6 26.6 26.6 26.6 26.6 26.6 26.6 26.6 26.6 26.6 26.6 26.6 26.6 26.6 26.6 26.6 26.6 26.6 26.6 26.6 26.6 26.6 26.6 26.6 26.6 26.6 26.6 26.6 26.6 26.6 26.6 26.6 26.6 26.6 26.6 26.6 26.6 26.6 26.6 26.6 26.6 26.6 26.6 26.6 26.6 26.6 26.6 26.6 26.6 26.6 26.6 26.6 26.6 26.6 26.6 26.6 
36.1 36.1 36.1 36.1 36.1 36.1 36.1 36.1 36.1 36.1 36.1 36.1 36.1 36.1 36.1 36.1 36.1 36.1 36.1 36.1 36.1 36.1 36.1 36.1 36.1 36.1 36.1 36.1 36.1 36.1 36.1 36.1 36.1 36.1 36.1 36.1 36.1 36.1 36.1 36.1 36.1 36.1 36.1 36.1 36.1 36.1 36.1 36.1 36.1 36.1 36.1 36.1 36.1 36.1 36.1 36.1 36.1 36.1 36.1 36.1 36.1 36.1 36.1 36.1 36.1 36.1 36.1 36.1 36.1 36.1 36.1 36.1 36.1 36.1 36.1 36.1 36.1 36.1 36.1 36.1 36.1 36.1 36.1 36.1 36.1 36.1 36.1 36.1 36.1 36.1 36.1 36.1 36.1 36.1 36.1 36.1 36.1 36.1 36.1 36.1 36.1 36.1 36.1 36.1 36.1 36.1 36.1 36.1 36.1 36.1 36.1 36.1 36.1 36.1 36.1 36.1 36.1 36.1 36.1 36.1 
29.8 29.8 29.8 29.8 29.8 29.8 29.8 29.8 29.8 29.8 29.8 29.8 29.8 29.8 29.8 29.8 29.8 29.8 29.8 29.8 29.8 29.8 29.8 29.8 29.8 29.8 29.8 29.8 29.8 29.8 29.8 29.8 29.8 29.8 29.8 29.8 29.8 29.8 29.8 29.8 29.8 29.8 29.8 29.8 29.8 29.8 29.8 29.8 29.8 29.8 29.8 29.8 29.8 29.8 29.8 29.8 29.8 29.8 29.8 29.8 29.8 29.8 29.8 29.8 29.8 29.8 29.8 29.8 29.8 29.8 29.8 29.8 29.8 29.8 29.8 29.8 29.8 29.8 29.8 29.8 29.8 29.8 29.8 29.8 29.8 29.8 29.8 29.8 29.8 29.8 29.8 29.8 29.8 29.8 29.8 29.8 29.8 29.8 29.8 29.8 29.8 29.8 29.8 29.8 29.8 29.8 29.8 29.8 29.8 29.8 29.8 29.8 29.8 29.8 29.8 29.8 29.8 29.8 29.8 29.8 
34.1 34.1 34.1 34.1 34.1 34.1 34.1 34.1 34.1 34.1 34.1 34.1 34.1 34.1 34.1 34.1 34.1 34.1 34.1 34.1 34.1 34.1 34.1 34.1 34.1 34.1 34.1 34.1 34.1 34.1 34.1 34.1 34.1 34.1 34.1 34.1 34.1 34.1 34.1 34.1 34.1 34.1 34.1 34.1 34.1 34.1 34.1 34.1 34.1 34.1 34.1 34.1 34.1 34.1 34.1 34.1 34.1 34.1 34.1 34.1 34.1 34.1 34.1 34.1 34.1 34.1 34.1 34.1 34.1 34.1 34.1 34.1 34.1 34.1 34.1 34.1 34.1 34.1 34.1 34.1 34.1 34.1 34.1 34.1 34.1 34.1 34.1 34.1 34.1 34.1 34.1 34.1 34.1 34.1 34.1 34.1 34.1 34.1 34.1 34.1 34.1 34.1 34.1 34.1 34.1 34.1 34.1 34.1 34.1 34.1 34.1 34.1 34.1 34.1 34.1 34.1 34.1 34.1 34.1 34.1 
48.8 48.8 48.8 48.8 48.8 48.8 48.8 48.8 48.8 48.8 48.8 48.8 48.8 48.8 48.8 48.8 48.8 48.8 48.8 48.8 48.8 48.8 48.8 48.8 48.8 48.8 48.8 48.8 48.8 48.8 48.8 48.8 48.8 48.8 48.8 48.8 48.8 48.8 48.8 48.8 48.8 48.8 48.8 48.8 48.8 48.8 48.8 48.8 48.8 48.8 48.8 48.8 48.8 48.8 48.8 48.8 48.8 48.8 48.8 48.8 48.8 48.8 48.8 48.8 48.8 48.8 48.8 48.8 48.8 48.8 48.8 48.8 48.8 48.8 48.8 48.8 48.8 48.8 48.8 48.8 48.8 48.8 48.8 48.8 48.8 48.8 48.8 48.8 48.8 48.8 48.8 48.8 48.8 48.8 48.8 48.8 48.8 48.8 48.8 48.8 48.8 48.8 48.8 48.8 48.8 48.8 48.8 48.8 48.8 48.8 48.8 48.8 48.8 48.8 48.8 48.8 48.8 48.8 48.8 48.8 
25.3 25.3 25.3 25.3 25.3 25.3 25.3 25.3 25.3 25.3 25.3 25.3 25.3 25.3 25.3 25.3 25.3 25.3 25.3 25.3 25.3 25.3 25.3 25.3 25.3 25.3 25.3 25.3 25.3 25.3 25.3 25.3 25.3 25.3 25.3 25.3 25.3 25.3 25.3 25.3 25.3 25.3 25.3 25.3 25.3 25.3 25.3 25.3 25.3 25.3 25.3 25.3 25.3 25.3 25.3 25.3 25.3 25.3 25.3 25.3 25.3 25.3 25.3 25.3 25.3 25.3 25.3 25.3 25.3 25.3 25.3 25.3 25.3 25.3 25.3 25.3 25.3 25.3 25.3 25.3 25.3 25.3 25.3 25.3 25.3 25.3 25.3 25.3 25.3 25.3 25.3 25.3 25.3 25.3 25.3 25.3 25.3 25.3 25.3 25.3 25.3 25.3 25.3 25.3 25.3 25.3 25.3 25.3 25.3 25.3 25.3 25.3 25.3 25.3 25.3 25.3 25.3 25.3 25.3 25.3 
25.9 25.9 25.9 25.9 25.9 25.9 25.9 25.9 25.9 25.9 25.9 25.9 25.9 25.9 25.9 25.9 25.9 25.9 25.9 25.9 25.9 25.9 25.9 25.9 25.9 25.9 25.9 25.9 25.9 25.9 25.9 25.9 25.9 25.9 25.9 25.9 25.9 25.9 25.9 25.9 25.9 25.9 25.9 25.9 25.9 25.9 25.9 25.9 25.9 25.9 25.9 25.9 25.9 25.9 25.9 25.9 25.9 25.9 25.9 25.9 25.9 25.9 25.9 25.9 25.9 25.9 25.9 25.9 25.9 25.9 25.9 25.9 25.9 25.9 25.9 25.9 25.9 25.9 25.9 25.9 25.9 25.9 25.9 25.9 25.9 25.9 25.9 25.9 25.9 25.9 25.9 25.9 25.9 25.9 25.9 25.9 25.9 25.9 25.9 25.9 25.9 25.9 25.9 25.9 25.9 25.9 25.9 25.9 25.9 25.9 25.9 25.9 25.9 25.9 25.9 25.9 25.9 25.9 25.9 25.9 
47.6 47.6 47.6 47.6 47.6 47.6 47.6 47.6 47.6 47.6 47.6 47.6 47.6 47.6 47.6 47.6 47.6 47.6 47.6 47.6 47.6 47.6 47.6 47.6 47.6 47.6 47.6 47.6 47.6 47.6 47.6 47.6 47.6 47.6 47.6 47.6 47.6 47.6 47.6 47.6 47.6 47.6 47.6 47.6 47.6 47.6 47.6 47.6 47.6 47.6 47.6 47.6 47.6 47.6 47.6 47.6 47.6 47.6 47.6 47.6 47.6 47.6 47.6 47.6 47.6 47.6 47.6 47.6 47.6 47.6 47.6 47.6 47.6 47.6 47.6 47.6 47.6 47.6 47.6 47.6 47.6 47.6 47.6 47.6 47.6 47.6 47.6 47.6 47.6 47.6 47.6 47.6 47.6 47.6 47.6 47.6 47.6 47.6 47.6 47.6 47.6 47.6 47.6 47.6 47.6 47.6 47.6 47.6 47.6 47.6 47.6 47.6 47.6 47.6 47.6 47.6 47.6 47.6 47.6 47.6 
25.2 25.2 25.2 25.2 25.2 25.2 25.2 25.2 25.2 25.2 25.2 25.2 25.2 25.2 25.2 25.2 25.2 25.2 25.2 25.2 25.2 25.2 25.2 25.2 25.2 25.2 25.2 25.2 25.2 25.2 25.2 25.2 25.2 25.2 25.2 25.2 25.2 25.2 25.2 25.2 25.2 25.2 25.2 25.2 25.2 25.2 25.2 25.2 25.2 25.2 25.2 25.2 25.2 25.2 25.2 25.2 25.2 25.2 25.2 25.2 25.2 25.2 25.2 25.2 25.2 25.2 25.2 25.2 25.2 25.2 25.2 25.2 25.2 25.2 25.2 25.2 25.2 25.2 25.2 25.2 25.2 25.2 25.2 25.2 25.2 25.2 25.2 25.2 25.2 25.2 25.2 25.2 25.2 25.2 25.2 25.2 25.2 25.2 25.2 25.2 25.2 25.2 25.2 25.2 25.2 25.2 25.2 25.2 25.2 25.2 25.2 25.2 25.2 25.2 25.2 25.2 25.2 25.2 25.2 25.2 
27.2 27.2 27.2 27.2 27.2 27.2 27.2 27.2 27.2 27.2 27.2 27.2 27.2 27.2 27.2 27.2 27.2 27.2 27.2 27.2 27.2 27.2 27.2 27.2 27.2 27.2 27.2 27.2 27.2 27.2 27.2 27.2 27.2 27.2 27.2 27.2 27.2 27.2 27.2 27.2 27.2 27.2 27.2 27.2 27.2 27.2 27.2 27.2 27.2 27.2 27.2 27.2 27.2 27.2 27.2 27.2 27.2 27.2 27.2 27.2 27.2 27.2 27.2 27.2 27.2 27.2 27.2 27.2 27.2 27.2 27.2 27.2 27.2 27.2 27.2 27.2 27.2 27.2 27.2 27.2 27.2 27.2 27.2 27.2 27.2 27.2 27.2 27.2 27.2 27.2 27.2 27.2 27.2 27.2 27.2 27.2 27.2 27.2 27.2 27.2 27.2 27.2 27.2 27.2 27.2 27.2 27.2 27.2 27.2 27.2 27.2 27.2 27.2 27.2 27.2 27.2 27.2 27.2 27.2 27.2 
45 45 45 45 45 45 45 45 45 45 45 45 45 45 45 45 45 45 45 45 45 45 45 45 45 45 45 45 45 45 45 45 45 45 45 45 45 45 45 45 45 45 45 45 45 45 45 45 45 45 45 45 45 45 45 45 45 45 45 45 45 45 45 45 45 45 45 45 45 45 45 45 45 45 45 45 45 45 45 45 45 45 45 45 45 45 45 45 45 45 45 45 45 45 45 45 45 45 45 45 45 45 45 45 45 45 45 45 45 45 45 45 45 45 45 45 45 45 45 45 
26.6 26.6 26.6 26.6 26.6 26.6 26.6 26.6 26.6 26.6 26.6 26.6 26.6 26.6 26.6 26.6 26.6 26.6 26.6 26.6 26.6 26.6 26.6 26.6 26.6 26.6 26.6 26.6 26.6 26.6 26.6 26.6 26.6 26.6 26.6 26.6 26.6 26.6 26.6 26.6 26.6 26.6 26.6 26.6 26.6 26.6 26.6 26.6 26.6 26.6 26.6 26.6 26.6 26.6 26.6 26.6 26.6 26.6 26.6 26.6 26.6 26.6 26.6 26.6 26.6 26.6 26.6 26.6 26.6 26.6 26.6 26.6 26.6 26.6 26.6 26.6 26.6 26.6 26.6 26.6 26.6 26.6 26.6 26.6 26.6 26.6 26.6 26.6 26.6 26.6 26.6 26.6 26.6 26.6 26.6 26.6 26.6 26.6 26.6 26.6 26.6 26.6 26.6 26.6 26.6 26.6 26.6 26.6 26.6 26.6 26.6 26.6 26.6 26.6 26.6 26.6 26.6 26.6 26.6 26.6 
28.4 28.4 28.4 28.4 28.4 28.4 28.4 28.4 28.4 28.4 28.4 28.4 28.4 28.4 28.4 28.4 28.4 28.4 28.4 28.4 28.4 28.4 28.4 28.4 28.4 28.4 28.4 28.4 28.4 28.4 28.4 28.4 28.4 28.4 28.4 28.4 28.4 28.4 28.4 28.4 28.4 28.4 28.4 28.4 28.4 28.4 28.4 28.4 28.4 28.4 28.4 28.4 28.4 28.4 28.4 28.4 28.4 28.4 28.4 28.4 28.4 28.4 28.4 28.4 28.4 28.4 28.4 28.4 28.4 28.4 28.4 28.4 28.4 28.4 28.4 28.4 28.4 28.4 28.4 28.4 28.4 28.4 28.4 28.4 28.4 28.4 28.4 28.4 28.4 28.4 28.4 28.4 28.4 28.4 28.4 28.4 28.4 28.4 28.4 28.4 28.4 28.4 28.4 28.4 28.4 28.4 28.4 28.4 28.4 28.4 28.4 28.4 28.4 28.4 28.4 28.4 28.4 28.4 28.4 28.4 
37.7 37.7 37.7 37.7 37.7 37.7 37.7 37.7 37.7 37.7 37.7 37.7 37.7 37.7 37.7 37.7 37.7 37.7 37.7 37.7 37.7 37.7 37.7 37.7 37.7 37.7 37.7 37.7 37.7 37.7 37.7 37.7 37.7 37.7 37.7 37.7 37.7 37.7 37.7 37.7 37.7 37.7 37.7 37.7 37.7 37.7 37.7 37.7 37.7 37.7 37.7 37.7 37.7 37.7 37.7 37.7 37.7 37.7 37.7 37.7 37.7 37.7 37.7 37.7 37.7 37.7 37.7 37.7 37.7 37.7 37.7 37.7 37.7 37.7 37.7 37.7 37.7 37.7 37.7 37.7 37.7 37.7 37.7 37.7 37.7 37.7 37.7 37.7 37.7 37.7 37.7 37.7 37.7 37.7 37.7 37.7 37.7 37.7 37.7 37.7 37.7 37.7 37.7 37.7 37.7 37.7 37.7 37.7 37.7 37.7 37.7 37.7 37.7 37.7 37.7 37.7 37.7 37.7 37.7 37.7 
25.7 25.7 25.7 25.7 25.7 25.7 25.7 25.7 25.7 25.7 25.7 25.7 25.7 25.7 25.7 25.7 25.7 25.7 25.7 25.7 25.7 25.7 25.7 25.7 25.7 25.7 25.7 25.7 25.7 25.7 25.7 25.7 25.7 25.7 25.7 25.7 25.7 25.7 25.7 25.7 25.7 25.7 25.7 25.7 25.7 25.7 25.7 25.7 25.7 25.7 25.7 25.7 25.7 25.7 25.7 25.7 25.7 25.7 25.7 25.7 25.7 25.7 25.7 25.7 25.7 25.7 25.7 25.7 25.7 25.7 25.7 25.7 25.7 25.7 25.7 25.7 25.7 25.7 25.7 25.7 25.7 25.7 25.7 25.7 25.7 25.7 25.7 25.7 25.7 25.7 25.7 25.7 25.7 25.7 25.7 25.7 25.7 25.7 25.7 25.7 25.7 25.7 25.7 25.7 25.7 25.7 25.7 25.7 25.7 25.7 25.7 25.7 25.7 25.7 25.7 25.7 25.7 25.7 25.7 25.7 
36.6 36.6 36.6 36.6 36.6 36.6 36.6 36.6 36.6 36.6 36.6 36.6 36.6 36.6 36.6 36.6 36.6 36.6 36.6 36.6 36.6 36.6 36.6 36.6 36.6 36.6 36.6 36.6 36.6 36.6 36.6 36.6 36.6 36.6 36.6 36.6 36.6 36.6 36.6 36.6 36.6 36.6 36.6 36.6 36.6 36.6 36.6 36.6 36.6 36.6 36.6 36.6 36.6 36.6 36.6 36.6 36.6 36.6 36.6 36.6 36.6 36.6 36.6 36.6 36.6 36.6 36.6 36.6 36.6 36.6 36.6 36.6 36.6 36.6 36.6 36.6 36.6 36.6 36.6 36.6 36.6 36.6 36.6 36.6 36.6 36.6 36.6 36.6 36.6 36.6 36.6 36.6 36.6 36.6 36.6 36.6 36.6 36.6 36.6 36.6 36.6 36.6 36.6 36.6 36.6 36.6 36.6 36.6 36.6 36.6 36.6 36.6 36.6 36.6 36.6 36.6 36.6 36.6 36.6 36.6 
37.9 37.9 37.9 37.9 37.9 37.9 37.9 37.9 37.9 37.9 37.9 37.9 37.9 37.9 37.9 37.9 37.9 37.9 37.9 37.9 37.9 37.9 37.9 37.9 37.9 37.9 37.9 37.9 37.9 37.9 37.9 37.9 37.9 37.9 37.9 37.9 37.9 37.9 37.9 37.9 37.9 37.9 37.9 37.9 37.9 37.9 37.9 37.9 37.9 37.9 37.9 37.9 37.9 37.9 37.9 37.9 37.9 37.9 37.9 37.9 37.9 37.9 37.9 37.9 37.9 37.9 37.9 37.9 37.9 37.9 37.9 37.9 37.9 37.9 37.9 37.9 37.9 37.9 37.9 37.9 37.9 37.9 37.9 37.9 37.9 37.9 37.9 37.9 37.9 37.9 37.9 37.9 37.9 37.9 37.9 37.9 37.9 37.9 37.9 37.9 37.9 37.9 37.9 37.9 37.9 37.9 37.9 37.9 37.9 37.9 37.9 37.9 37.9 37.9 37.9 37.9 37.9 37.9 37.9 37.9 
27.8 27.8 27.8 27.8 27.8 27.8 27.8 27.8 27.8 27.8 27.8 27.8 27.8 27.8 27.8 27.8 27.8 27.8 27.8 27.8 27.8 27.8 27.8 27.8 27.8 27.8 27.8 27.8 27.8 27.8 27.8 27.8 27.8 27.8 27.8 27.8 27.8 27.8 27.8 27.8 27.8 27.8 27.8 27.8 27.8 27.8 27.8 27.8 27.8 27.8 27.8 27.8 27.8 27.8 27.8 27.8 27.8 27.8 27.8 27.8 27.8 27.8 27.8 27.8 27.8 27.8 27.8 27.8 27.8 27.8 27.8 27.8 27.8 27.8 27.8 27.8 27.8 27.8 27.8 27.8 27.8 27.8 27.8 27.8 27.8 27.8 27.8 27.8 27.8 27.8 27.8 27.8 27.8 27.8 27.8 27.8 27.8 27.8 27.8 27.8 27.8 27.8 27.8 27.8 27.8 27.8 27.8 27.8 27.8 27.8 27.8 27.8 27.8 27.8 27.8 27.8 27.8 27.8 27.8 27.8 
34.3 34.3 34.3 34.3 34.3 34.3 34.3 34.3 34.3 34.3 34.3 34.3 34.3 34.3 34.3 34.3 34.3 34.3 34.3 34.3 34.3 34.3 34.3 34.3 34.3 34.3 34.3 34.3 34.3 34.3 34.3 34.3 34.3 34.3 34.3 34.3 34.3 34.3 34.3 34.3 34.3 34.3 34.3 34.3 34.3 34.3 34.3 34.3 34.3 34.3 34.3 34.3 34.3 34.3 34.3 34.3 34.3 34.3 34.3 34.3 34.3 34.3 34.3 34.3 34.3 34.3 34.3 34.3 34.3 34.3 34.3 34.3 34.3 34.3 34.3 34.3 34.3 34.3 34.3 34.3 34.3 34.3 34.3 34.3 34.3 34.3 34.3 34.3 34.3 34.3 34.3 34.3 34.3 34.3 34.3 34.3 34.3 34.3 34.3 34.3 34.3 34.3 34.3 34.3 34.3 34.3 34.3 34.3 34.3 34.3 34.3 34.3 34.3 34.3 34.3 34.3 34.3 34.3 34.3 34.3 
48 48 48 48 48 48 48 48 48 48 48 48 48 48 48 48 48 48 48 48 48 48 48 48 48 48 48 48 48 48 48 48 48 48 48 48 48 48 48 48 48 48 48 48 48 48 48 48 48 48 48 48 48 48 48 48 48 48 48 48 48 48 48 48 48 48 48 48 48 48 48 48 48 48 48 48 48 48 48 48 48 48 48 48 48 48 48 48 48 48 48 48 48 48 48 48 48 48 48 48 48 48 48 48 48 48 48 48 48 48 48 48 48 48 48 48 48 48 48 48 
25.4 25.4 25.4 25.4 25.4 25.4 25.4 25.4 25.4 25.4 25.4 25.4 25.4 25.4 25.4 25.4 25.4 25.4 25.4 25.4 25.4 25.4 25.4 25.4 25.4 25.4 25.4 25.4 25.4 25.4 25.4 25.4 25.4 25.4 25.4 25.4 25.4 25.4 25.4 25.4 25.4 25.4 25.4 25.4 25.4 25.4 25.4 25.4 25.4 25.4 25.4 25.4 25.4 25.4 25.4 25.4 25.4 25.4 25.4 25.4 25.4 25.4 25.4 25.4 25.4 25.4 25.4 25.4 25.4 25.4 25.4 25.4 25.4 25.4 25.4 25.4 25.4 25.4 25.4 25.4 25.4 25.4 25.4 25.4 25.4 25.4 25.4 25.4 25.4 25.4 25.4 25.4 25.4 25.4 25.4 25.4 25.4 25.4 25.4 25.4 25.4 25.4 25.4 25.4 25.4 25.4 25.4 25.4 25.4 25.4 25.4 25.4 25.4 25.4 25.4 25.4 25.4 25.4 25.4 25.4 
26.6 26.6 26.6 26.6 26.6 26.6 26.6 26.6 26.6 26.6 26.6 26.6 26.6 26.6 26.6 26.6 26.6 26.6 26.6 26.6 26.6 26.6 26.6 26.6 26.6 26.6 26.6 26.6 26.6 26.6 26.6 26.6 26.6 26.6 26.6 26.6 26.6 26.6 26.6 26.6 26.6 26.6 26.6 26.6 26.6 26.6 26.6 26.6 26.6 26.6 26.6 26.6 26.6 26.6 26.6 26.6 26.6 26.6 26.6 26.6 26.6 26.6 26.6 26.6 26.6 26.6 26.6 26.6 26.6 26.6 26.6 26.6 26.6 26.6 26.6 26.6 26.6 26.6 26.6 26.6 26.6 26.6 26.6 26.6 26.6 26.6 26.6 26.6 26.6 26.6 26.6 26.6 26.6 26.6 26.6 26.6 26.6 26.6 26.6 26.6 26.6 26.6 26.6 26.6 26.6 26.6 26.6 26.6 26.6 26.6 26.6 26.6 26.6 26.6 26.6 26.6 26.6 26.6 26.6 26.6 
49.3 49.3 49.3 49.3 49.3 49.3 49.3 49.3 49.3 49.3 49.3 49.3 49.3 49.3 49.3 49.3 49.3 49.3 49.3 49.3 49.3 49.3 49.3 49.3 49.3 49.3 49.3 49.3 49.3 49.3 49.3 49.3 49.3 49.3 49.3 49.3 49.3 49.3 49.3 49.3 49.3 49.3 49.3 49.3 49.3 49.3 49.3 49.3 49.3 49.3 49.3 49.3 49.3 49.3 49.3 49.3 49.3 49.3 49.3 49.3 49.3 49.3 49.3 49.3 49.3 49.3 49.3 49.3 49.3 49.3 49.3 49.3 49.3 49.3 49.3 49.3 49.3 49.3 49.3 49.3 49.3 49.3 49.3 49.3 49.3 49.3 49.3 49.3 49.3 49.3 49.3 49.3 49.3 49.3 49.3 49.3 49.3 49.3 49.3 49.3 49.3 49.3 49.3 49.3 49.3 49.3 49.3 49.3 49.3 49.3 49.3 49.3 49.3 49.3 49.3 49.3 49.3 49.3 49.3 49.3 
25.2 25.2 25.2 25.2 25.2 25.2 25.2 25.2 25.2 25.2 25.2 25.2 25.2 25.2 25.2 25.2 25.2 25.2 25.2 25.2 25.2 25.2 25.2 25.2 25.2 25.2 25.2 25.2 25.2 25.2 25.2 25.2 25.2 25.2 25.2 25.2 25.2 25.2 25.2 25.2 25.2 25.2 25.2 25.2 25.2 25.2 25.2 25.2 25.2 25.2 25.2 25.2 25.2 25.2 25.2 25.2 25.2 25.2 25.2 25.2 25.2 25.2 25.2 25.2 25.2 25.2 25.2 25.2 25.2 25.2 25.2 25.2 25.2 25.2 25.2 25.2 25.2 25.2 25.2 25.2 25.2 25.2 25.2 25.2 25.2 25.2 25.2 25.2 25.2 25.2 25.2 25.2 25.2 25.2 25.2 25.2 25.2 25.2 25.2 25.2 25.2 25.2 25.2 25.2 25.2 25.2 25.2 25.2 25.2 25.2 25.2 25.2 25.2 25.2 25.2 25.2 25.2 25.2 25.2 25.2 
25.5 25.5 25.5 25.5 25.5 25.5 25.5 25.5 25.5 25.5 25.5 25.5 25.5 25.5 25.5 25.5 25.5 25.5 25.5 25.5 25.5 25.5 25.5 25.5 25.5 25.5 25.5 25.5 25.5 25.5 25.5 25.5 25.5 25.5 25.5 25.5 25.5 25.5 25.5 25.5 25.5 25.5 25.5 25.5 25.5 25.5 25.5 25.5 25.5 25.5 25.5 25.5 25.5 25.5 25.5 25.5 25.5 25.5 25.5 25.5 25.5 25.5 25.5 25.5 25.5 25.5 25.5 25.5 25.5 25.5 25.5 25.5 25.5 25.5 25.5 25.5 25.5 25.5 25.5 25.5 25.5 25.5 25.5 25.5 25.5 25.5 25.5 25.5 25.5 25.5 25.5 25.5 25.5 25.5 25.5 25.5 25.5 25.5 25.5 25.5 25.5 25.5 25.5 25.5 25.5 25.5 25.5 25.5 25.5 25.5 25.5 25.5 25.5 25.5 25.5 25.5 25.5 25.5 25.5 25.5 
42.1 42.1 42.1 42.1 42.1 42.1 42.1 42.1 42.1 42.1 42.1 42.1 42.1 42.1 42.1 42.1 42.1 42.1 42.1 42.1 42.1 42.1 42.1 42.1 42.1 42.1 42.1 42.1 42.1 42.1 42.1 42.1 42.1 42.1 42.1 42.1 42.1 42.1 42.1 42.1 42.1 42.1 42.1 42.1 42.1 42.1 42.1 42.1 42.1 42.1 42.1 42.1 42.1 42.1 42.1 42.1 42.1 42.1 42.1 42.1 42.1 42.1 42.1 42.1 42.1 42.1 42.1 42.1 42.1 42.1 42.1 42.1 42.1 42.1 42.1 42.1 42.1 42.1 42.1 42.1 42.1 42.1 42.1 42.1 42.1 42.1 42.1 42.1 42.1 42.1 42.1 42.1 42.1 42.1 42.1 42.1 42.1 42.1 42.1 42.1 42.1 42.1 42.1 42.1 42.1 42.1 42.1 42.1 42.1 42.1 42.1 42.1 42.1 42.1 42.1 42.1 42.1 42.1 42.1 42.1 
25.3 25.3 25.3 25.3 25.3 25.3 25.3 25.3 25.3 25.3 25.3 25.3 25.3 25.3 25.3 25.3 25.3 25.3 25.3 25.3 25.3 25.3 25.3 25.3 25.3 25.3 25.3 25.3 25.3 25.3 25.3 25.3 25.3 25.3 25.3 25.3 25.3 25.3 25.3 25.3 25.3 25.3 25.3 25.3 25.3 25.3 25.3 25.3 25.3 25.3 25.3 25.3 25.3 25.3 25.3 25.3 25.3 25.3 25.3 25.3 25.3 25.3 25.3 25.3 25.3 25.3 25.3 25.3 25.3 25.3 25.3 25.3 25.3 25.3 25.3 25.3 25.3 25.3 25.3 25.3 25.3 25.3 25.3 25.3 25.3 25.3 25.3 25.3 25.3 25.3 25.3 25.3 25.3 25.3 25.3 25.3 25.3 25.3 25.3 25.3 25.3 25.3 25.3 25.3 25.3 25.3 25.3 25.3 25.3 25.3 25.3 25.3 25.3 25.3 25.3 25.3 25.3 25.3 25.3 25.3 
32.6 32.6 32.6 32.6 32.6 32.6 32.6 32.6 32.6 32.6 32.6 32.6 32.6 32.6 32.6 32.6 32.6 32.6 32.6 32.6 32.6 32.6 32.6 32.6 32.6 32.6 32.6 32.6 32.6 32.6 32.6 32.6 32.6 32.6 32.6 32.6 32.6 32.6 32.6 32.6 32.6 32.6 32.6 32.6 32.6 32.6 32.6 32.6 32.6 32.6 32.6 32.6 32.6 32.6 32.6 32.6 32.6 32.6 32.6 32.6 32.6 32.6 32.6 32.6 32.6 32.6 32.6 32.6 32.6 32.6 32.6 32.6 32.6 32.6 32.6 32.6 32.6 32.6 32.6 32.6 32.6 32.6 32.6 32.6 32.6 32.6 32.6 32.6 32.6 32.6 32.6 32.6 32.6 32.6 32.6 32.6 32.6 32.6 32.6 32.6 32.6 32.6 32.6 32.6 32.6 32.6 32.6 32.6 32.6 32.6 32.6 32.6 32.6 32.6 32.6 32.6 32.6 32.6 32.6 32.6 
41.1 41.1 41.1 41.1 41.1 41.1 41.1 41.1 41.1 41.1 41.1 41.1 41.1 41.1 41.1 41.1 41.1 41.1 41.1 41.1 41.1 41.1 41.1 41.1 41.1 41.1 41.1 41.1 41.1 41.1 41.1 41.1 41.1 41.1 41.1 41.1 41.1 41.1 41.1 41.1 41.1 41.1 41.1 41.1 41.1 41.1 41.1 41.1 41.1 41.1 41.1 41.1 41.1 41.1 41.1 41.1 41.1 41.1 41.1 41.1 41.1 41.1 41.1 41.1 41.1 41.1 41.1 41.1 41.1 41.1 41.1 41.1 41.1 41.1 41.1 41.1 41.1 41.1 41.1 41.1 41.1 41.1 41.1 41.1 41.1 41.1 41.1 41.1 41.1 41.1 41.1 41.1 41.1 41.1 41.1 41.1 41.1 41.1 41.1 41.1 41.1 41.1 41.1 41.1 41.1 41.1 41.1 41.1 41.1 41.1 41.1 41.1 41.1 41.1 41.1 41.1 41.1 41.1 41.1 41.1 
26.7 26.7 26.7 26.7 26.7 26.7 26.7 26.7 26.7 26.7 26.7 26.7 26.7 26.7 26.7 26.7 26.7 26.7 26.7 26.7 26.7 26.7 26.7 26.7 26.7 26.7 26.7 26.7 26.7 26.7 26.7 26.7 26.7 26.7 26.7 26.7 26.7 26.7 26.7 26.7 26.7 26.7 26.7 26.7 26.7 26.7 26.7 26.7 26.7 26.7 26.7 26.7 26.7 26.7 26.7 26.7 26.7 26.7 26.7 26.7 26.7 26.7 26.7 26.7 26.7 26.7 26.7 26.7 26.7 26.7 26.7 26.7 26.7 26.7 26.7 26.7 26.7 26.7 26.7 26.7 26.7 26.7 26.7 26.7 26.7 26.7 26.7 26.7 26.7 26.7 26.7 26.7 26.7 26.7 26.7 26.7 26.7 26.7 26.7 26.7 26.7 26.7 26.7 26.7 26.7 26.7 26.7 26.7 26.7 26.7 26.7 26.7 26.7 26.7 26.7 26.7 26.7 26.7 26.7 26.7 
32.2 32.2 32.2 32.2 32.2 32.2 32.2 32.2 32.2 32.2 32.2 32.2 32.2 32.2 32.2 32.2 32.2 32.2 32.2 32.2 32.2 32.2 32.2 32.2 32.2 32.2 32.2 32.2 32.2 32.2 32.2 32.2 32.2 32.2 32.2 32.2 32.2 32.2 32.2 32.2 32.2 32.2 32.2 32.2 32.2 32.2 32.2 32.2 32.2 32.2 32.2 32.2 32.2 32.2 32.2 32.2 32.2 32.2 32.2 32.2 32.2 32.2 32.2 32.2 32.2 32.2 32.2 32.2 32.2 32.2 32.2 32.2 32.2 32.2 32.2 32.2 32.2 32.2 32.2 32.2 32.2 32.2 32.2 32.2 32.2 32.2 32.2 32.2 32.2 32.2 32.2 32.2 32.2 32.2 32.2 32.2 32.2 32.2 32.2 32.2 32.2 32.2 32.2 32.2 32.2 32.2 32.2 32.2 32.2 32.2 32.2 32.2 32.2 32.2 32.2 32.2 32.2 32.2 32.2 32.2 
40.8 40.8 40.8 40.8 40.8 40.8 40.8 40.8 40.8 40.8 40.8 40.8 40.8 40.8 40.8 40.8 40.8 40.8 40.8 40.8 40.8 40.8 40.8 40.8 40.8 40.8 40.8 40.8 40.8 40.8 40.8 40.8 40.8 40.8 40.8 40.8 40.8 40.8 40.8 40.8 40.8 40.8 40.8 40.8 40.8 40.8 40.8 40.8 40.8 40.8 40.8 40.8 40.8 40.8 40.8 40.8 40.8 40.8 40.8 40.8 40.8 40.8 40.8 40.8 40.8 40.8 40.8 40.8 40.8 40.8 40.8 40.8 40.8 40.8 40.8 40.8 40.8 40.8 40.8 40.8 40.8 40.8 40.8 40.8 40.8 40.8 40.8 40.8 40.8 40.8 40.8 40.8 40.8 40.8 40.8 40.8 40.8 40.8 40.8 40.8 40.8 40.8 40.8 40.8 40.8 40.8 40.8 40.8 40.8 40.8 40.8 40.8 40.8 40.8 40.8 40.8 40.8 40.8 40.8 40.8 
28.3 28.3 28.3 28.3 28.3 28.3 28.3 28.3 28.3 28.3 28.3 28.3 28.3 28.3 28.3 28.3 28.3 28.3 28.3 28.3 28.3 28.3 28.3 28.3 28.3 28.3 28.3 28.3 28.3 28.3 28.3 28.3 28.3 28.3 28.3 28.3 28.3 28.3 28.3 28.3 28.3 28.3 28.3 28.3 28.3 28.3 28.3 28.3 28.3 28.3 28.3 28.3 28.3 28.3 28.3 28.3 28.3 28.3 28.3 28.3 28.3 28.3 28.3 28.3 28.3 28.3 28.3 28.3 28.3 28.3 28.3 28.3 28.3 28.3 28.3 28.3 28.3 28.3 28.3 28.3 28.3 28.3 28.3 28.3 28.3 28.3 28.3 28.3 28.3 28.3 28.3 28.3 28.3 28.3 28.3 28.3 28.3 28.3 28.3 28.3 28.3 28.3 28.3 28.3 28.3 28.3 28.3 28.3 28.3 28.3 28.3 28.3 28.3 28.3 28.3 28.3 28.3 28.3 28.3 28.3 
30.9 30.9 30.9 30.9 30.9 30.9 30.9 30.9 30.9 30.9 30.9 30.9 30.9 30.9 30.9 30.9 30.9 30.9 30.9 30.9 30.9 30.9 30.9 30.9 30.9 30.9 30.9 30.9 30.9 30.9 30.9 30.9 30.9 30.9 30.9 30.9 30.9 30.9 30.9 30.9 30.9 30.9 30.9 30.9 30.9 30.9 30.9 30.9 30.9 30.9 30.9 30.9 30.9 30.9 30.9 30.9 30.9 30.9 30.9 30.9 30.9 30.9 30.9 30.9 30.9 30.9 30.9 30.9 30.9 30.9 30.9 30.9 30.9 30.9 30.9 30.9 30.9 30.9 30.9 30.9 30.9 30.9 30.9 30.9 30.9 30.9 30.9 30.9 30.9 30.9 30.9 30.9 30.9 30.9 30.9 30.9 30.9 30.9 30.9 30.9 30.9 30.9 30.9 30.9 30.9 30.9 30.9 30.9 30.9 30.9 30.9 30.9 30.9 30.9 30.9 30.9 30.9 30.9 30.9 30.9 
39.7 39.7 39.7 39.7 39.7 39.7 39.7 39.7 39.7 39.7 39.7 39.7 39.7 39.7 39.7 39.7 39.7 39.7 39.7 39.7 39.7 39.7 39.7 39.7 39.7 39.7 39.7 39.7 39.7 39.7 39.7 39.7 39.7 39.7 39.7 39.7 39.7 39.7 39.7 39.7 39.7 39.7 39.7 39.7 39.7 39.7 39.7 39.7 39.7 39.7 39.7 39.7 39.7 39.7 39.7 39.7 39.7 39.7 39.7 39.7 39.7 39.7 39.7 39.7 39.7 39.7 39.7 39.7 39.7 39.7 39.7 39.7 39.7 39.7 39.7 39.7 39.7 39.7 39.7 39.7 39.7 39.7 39.7 39.7 39.7 39.7 39.7 39.7 39.7 39.7 39.7 39.7 39.7 39.7 39.7 39.7 39.7 39.7 39.7 39.7 39.7 39.7 39.7 39.7 39.7 39.7 39.7 39.7 39.7 39.7 39.7 39.7 39.7 39.7 39.7 39.7 39.7 39.7 39.7 39.7 
25.3 25.3 25.3 25.3 25.3 25.3 25.3 25.3 25.3 25.3 25.3 25.3 25.3 25.3 25.3 25.3 25.3 25.3 25.3 25.3 25.3 25.3 25.3 25.3 25.3 25.3 25.3 25.3 25.3 25.3 25.3 25.3 25.3 25.3 25.3 25.3 25.3 25.3 25.3 25.3 25.3 25.3 25.3 25.3 25.3 25.3 25.3 25.3 25.3 25.3 25.3 25.3 25.3 25.3 25.3 25.3 25.3 25.3 25.3 25.3 25.3 25.3 25.3 25.3 25.3 25.3 25.3 25.3 25.3 25.3 25.3 25.3 25.3 25.3 25.3 25.3 25.3 25.3 25.3 25.3 25.3 25.3 25.3 25.3 25.3 25.3 25.3 25.3 25.3 25.3 25.3 25.3 25.3 25.3 25.3 25.3 25.3 25.3 25.3 25.3 25.3 25.3 25.3 25.3 25.3 25.3 25.3 25.3 25.3 25.3 25.3 25.3 25.3 25.3 25.3 25.3 25.3 25.3 25.3 25.3 
35 35 35 35 35 35 35 35 35 35 35 35 35 35 35 35 35 35 35 35 35 35 35 35 35 35 35 35 35 35 35 35 35 35 35 35 35 35 35 35 35 35 35 35 35 35 35 35 35 35 35 35 35 35 35 35 35 35 35 35 35 35 35 35 35 35 35 35 35 35 35 35 35 35 35 35 35 35 35 35 35 35 35 35 35 35 35 35 35 35 35 35 35 35 35 35 35 35 35 35 35 35 35 35 35 35 35 35 35 35 35 35 35 35 35 35 35 35 35 35 
48.4 48.4 48.4 48.4 48.4 48.4 48.4 48.4 48.4 48.4 48.4 48.4 48.4 48.4 48.4 48.4 48.4 48.4 48.4 48.4 48.4 48.4 48.4 48.4 48.4 48.4 48.4 48.4 48.4 48.4 48.4 48.4 48.4 48.4 48.4 48.4 48.4 48.4 48.4 48.4 48.4 48.4 48.4 48.4 48.4 48.4 48.4 48.4 48.4 48.4 48.4 48.4 48.4 48.4 48.4 48.4 48.4 48.4 48.4 48.4 48.4 48.4 48.4 48.4 48.4 48.4 48.4 48.4 48.4 48.4 48.4 48.4 48.4 48.4 48.4 48.4 48.4 48.4 48.4 48.4 48.4 48.4 48.4 48.4 48.4 48.4 48.4 48.4 48.4 48.4 48.4 48.4 48.4 48.4 48.4 48.4 48.4 48.4 48.4 48.4 48.4 48.4 48.4 48.4 48.4 48.4 48.4 48.4 48.4 48.4 48.4 48.4 48.4 48.4 48.4 48.4 48.4 48.4 48.4 48.4 
25.1 25.1 25.1 25.1 25.1 25.1 25.1 25.1 25.1 25.1 25.1 25.1 25.1 25.1 25.1 25.1 25.1 25.1 25.1 25.1 25.1 25.1 25.1 25.1 25.1 25.1 25.1 25.1 25.1 25.1 25.1 25.1 25.1 25.1 25.1 25.1 25.1 25.1 25.1 25.1 25.1 25.1 25.1 25.1 25.1 25.1 25.1 25.1 25.1 25.1 25.1 25.1 25.1 25.1 25.1 25.1 25.1 25.1 25.1 25.1 25.1 25.1 25.1 25.1 25.1 25.1 25.1 25.1 25.1 25.1 25.1 25.1 25.1 25.1 25.1 25.1 25.1 25.1 25.1 25.1 25.1 25.1 25.1 25.1 25.1 25.1 25.1 25.1 25.1 25.1 25.1 25.1 25.1 25.1 25.1 25.1 25.1 25.1 25.1 25.1 25.1 25.1 25.1 25.1 25.1 25.1 25.1 25.1 25.1 25.1 25.1 25.1 25.1 25.1 25.1 25.1 25.1 25.1 25.1 25.1 
26.5 26.5 26.5 26.5 26.5 26.5 26.5 26.5 26.5 26.5 26.5 26.5 26.5 26.5 26.5 26.5 26.5 26.5 26.5 26.5 26.5 26.5 26.5 26.5 26.5 26.5 26.5 26.5 26.5 26.5 26.5 26.5 26.5 26.5 26.5 26.5 26.5 26.5 26.5 26.5 26.5 26.5 26.5 26.5 26.5 26.5 26.5 26.5 26.5 26.5 26.5 26.5 26.5 26.5 26.5 26.5 26.5 26.5 26.5 26.5 26.5 26.5 26.5 26.5 26.5 26.5 26.5 26.5 26.5 26.5 26.5 26.5 26.5 26.5 26.5 26.5 26.5 26.5 26.5 26.5 26.5 26.5 26.5 26.5 26.5 26.5 26.5 26.5 26.5 26.5 26.5 26.5 26.5 26.5 26.5 26.5 26.5 26.5 26.5 26.5 26.5 26.5 26.5 26.5 26.5 26.5 26.5 26.5 26.5 26.5 26.5 26.5 26.5 26.5 26.5 26.5 26.5 26.5 26.5 26.5 
49.8 49.8 49.8 49.8 49.8 49.8 49.8 49.8 49.8 49.8 49.8 49.8 49.8 49.8 49.8 49.8 49.8 49.8 49.8 49.8 49.8 49.8 49.8 49.8 49.8 49.8 49.8 49.8 49.8 49.8 49.8 49.8 49.8 49.8 49.8 49.8 49.8 49.8 49.8 49.8 49.8 49.8 49.8 49.8 49.8 49.8 49.8 49.8 49.8 49.8 49.8 49.8 49.8 49.8 49.8 49.8 49.8 49.8 49.8 49.8 49.8 49.8 49.8 49.8 49.8 49.8 49.8 49.8 49.8 49.8 49.8 49.8 49.8 49.8 49.8 49.8 49.8 49.8 49.8 49.8 49.8 49.8 49.8 49.8 49.8 49.8 49.8 49.8 49.8 49.8 49.8 49.8 49.8 49.8 49.8 49.8 49.8 49.8 49.8 49.8 49.8 49.8 49.8 49.8 49.8 49.8 49.8 49.8 49.8 49.8 49.8 49.8 49.8 49.8 49.8 49.8 49.8 49.8 49.8 49.8 
25 25 25 25 25 25 25 25 25 25 25 25 25 25 25 25 25 25 25 25 25 25 25 25 25 25 25 25 25 25 25 25 25 25 25 25 25 25 25 25 25 25 25 25 25 25 25 25 25 25 25 25 25 25 25 25 25 25 25 25 25 25 25 25 25 25 25 25 25 25 25 25 25 25 25 25 25 25 25 25 25 25 25 25 25 25 25 25 25 25 25 25 25 25 25 25 25 25 25 25 25 25 25 25 25 25 25 25 25 25 25 25 25 25 25 25 25 25 25 25 
25.2 25.2 25.2 25.2 25.2 25.2 25.2 25.2 25.2 25.2 25.2 25.2 25.2 25.2 25.2 25.2 25.2 25.2 25.2 25.2 25.2 25.2 25.2 25.2 25.2 25.2 25.2 25.2 25.2 25.2 25.2 25.2 25.2 25.2 25.2 25.2 25.2 25.2 25.2 25.2 25.2 25.2 25.2 25.2 25.2 25.2 25.2 25.2 25.2 25.2 25.2 25.2 25.2 25.2 25.2 25.2 25.2 25.2 25.2 25.2 25.2 25.2 25.2 25.2 25.2 25.2 25.2 25.2 25.2 25.2 25.2 25.2 25.2 25.2 25.2 25.2 25.2 25.2 25.2 25.2 25.2 25.2 25.2 25.2 25.2 25.2 25.2 25.2 25.2 25.2 25.2 25.2 25.2 25.2 25.2 25.2 25.2 25.2 25.2 25.2 25.2 25.2 25.2 25.2 25.2 25.2 25.2 25.2 25.2 25.2 25.2 25.2 25.2 25.2 25.2 25.2 25.2 25.2 25.2 25.2 
42.9 42.9 42.9 42.9 42.9 42.9 42.9 42.9 42.9 42.9 42.9 42.9 42.9 42.9 42.9 42.9 42.9 42.9 42.9 42.9 42.9 42.9 42.9 42.9 42.9 42.9 42.9 42.9 42.9 42.9 42.9 42.9 42.9 42.9 42.9 42.9 42.9 42.9 42.9 42.9 42.9 42.9 42.9 42.9 42.9 42.9 42.9 42.9 42.9 42.9 42.9 42.9 42.9 42.9 42.9 42.9 42.9 42.9 42.9 42.9 42.9 42.9 42.9 42.9 42.9 42.9 42.9 42.9 42.9 42.9 42.9 42.9 42.9 42.9 42.9 42.9 42.9 42.9 42.9 42.9 42.9 42.9 42.9 42.9 42.9 42.9 42.9 42.9 42.9 42.9 42.9 42.9 42.9 42.9 42.9 42.9 42.9 42.9 42.9 42.9 42.9 42.9 42.9 42.9 42.9 42.9 42.9 42.9 42.9 42.9 42.9 42.9 42.9 42.9 42.9 42.9 42.9 42.9 42.9 42.9 
26.9 26.9 26.9 26.9 26.9 26.9 26.9 26.9 26.9 26.9 26.9 26.9 26.9 26.9 26.9 26.9 26.9 26.9 26.9 26.9 26.9 26.9 26.9 26.9 26.9 26.9 26.9 26.9 26.9 26.9 26.9 26.9 26.9 26.9 26.9 26.9 26.9 26.9 26.9 26.9 26.9 26.9 26.9 26.9 26.9 26.9 26.9 26.9 26.9 26.9 26.9 26.9 26.9 26.9 26.9 26.9 26.9 26.9 26.9 26.9 26.9 26.9 26.9 26.9 26.9 26.9 26.9 26.9 26.9 26.9 26.9 26.9 26.9 26.9 26.9 26.9 26.9 26.9 26.9 26.9 26.9 26.9 26.9 26.9 26.9 26.9 26.9 26.9 26.9 26.9 26.9 26.9 26.9 26.9 26.9 26.9 26.9 26.9 26.9 26.9 26.9 26.9 26.9 26.9 26.9 26.9 26.9 26.9 26.9 26.9 26.9 26.9 26.9 26.9 26.9 26.9 26.9 26.9 26.9 26.9 
30.2 30.2 30.2 30.2 30.2 30.2 30.2 30.2 30.2 30.2 30.2 30.2 30.2 30.2 30.2 30.2 30.2 30.2 30.2 30.2 30.2 30.2 30.2 30.2 30.2 30.2 30.2 30.2 30.2 30.2 30.2 30.2 30.2 30.2 30.2 30.2 30.2 30.2 30.2 30.2 30.2 30.2 30.2 30.2 30.2 30.2 30.2 30.2 30.2 30.2 30.2 30.2 30.2 30.2 30.2 30.2 30.2 30.2 30.2 30.2 30.2 30.2 30.2 30.2 30.2 30.2 30.2 30.2 30.2 30.2 30.2 30.2 30.2 30.2 30.2 30.2 30.2 30.2 30.2 30.2 30.2 30.2 30.2 30.2 30.2 30.2 30.2 30.2 30.2 30.2 30.2 30.2 30.2 30.2 30.2 30.2 30.2 30.2 30.2 30.2 30.2 30.2 30.2 30.2 30.2 30.2 30.2 30.2 30.2 30.2 30.2 30.2 30.2 30.2 30.2 30.2 30.2 30.2 30.2 30.2 
45 45 45 45 45 45 45 45 45 45 45 45 45 45 45 45 45 45 45 45 45 45 45 45 45 45 45 45 45 45 45 45 45 45 45 45 45 45 45 45 45 45 45 45 45 45 45 45 45 45 45 45 45 45 45 45 45 45 45 45 45 45 45 45 45 45 45 45 45 45 45 45 45 45 45 45 45 45 45 45 45 45 45 45 45 45 45 45 45 45 45 45 45 45 45 45 45 45 45 45 45 45 45 45 45 45 45 45 45 45 45 45 45 45 45 45 45 45 45 45 
26 26 26 26 26 26 26 26 26 26 26 26 26 26 26 26 26 26 26 26 26 26 26 26 26 26 26 26 26 26 26 26 26 26 26 26 26 26 26 26 26 26 26 26 26 26 26 26 26 26 26 26 26 26 26 26 26 26 26 26 26 26 26 26 26 26 26 26 26 26 26 26 26 26 26 26 26 26 26 26 26 26 26 26 26 26 26 26 26 26 26 26 26 26 26 26 26 26 26 26 26 26 26 26 26 26 26 26 26 26 26 26 26 26 26 26 26 26 26 26 
29 29 29 29 29 29 29 29 29 29 29 29 29 29 29 29 29 29 29 29 29 29 29 29 29 29 29 29 29 29 29 29 29 29 29 29 29 29 29 29 29 29 29 29 29 29 29 29 29 29 29 29 29 29 29 29 29 29 29 29 29 29 29 29 29 29 29 29 29 29 29 29 29 29 29 29 29 29 29 29 29 29 29 29 29 29 29 29 29 29 29 29 29 29 29 29 29 29 29 29 29 29 29 29 29 29 29 29 29 29 29 29 29 29 29 29 29 29 29 29 
48.2 48.2 48.2 48.2 48.2 48.2 48.2 48.2 48.2 48.2 48.2 48.2 48.2 48.2 48.2 48.2 48.2 48.2 48.2 48.2 48.2 48.2 48.2 48.2 48.2 48.2 48.2 48.2 48.2 48.2 48.2 48.2 48.2 48.2 48.2 48.2 48.2 48.2 48.2 48.2 48.2 48.2 48.2 48.2 48.2 48.2 48.2 48.2 48.2 48.2 48.2 48.2 48.2 48.2 48.2 48.2 48.2 48.2 48.2 48.2 48.2 48.2 48.2 48.2 48.2 48.2 48.2 48.2 48.2 48.2 48.2 48.2 48.2 48.2 48.2 48.2 48.2 48.2 48.2 48.2 48.2 48.2 48.2 48.2 48.2 48.2 48.2 48.2 48.2 48.2 48.2 48.2 48.2 48.2 48.2 48.2 48.2 48.2 48.2 48.2 48.2 48.2 48.2 48.2 48.2 48.2 48.2 48.2 48.2 48.2 48.2 48.2 48.2 48.2 48.2 48.2 48.2 48.2 48.2 48.2 
25 25 25 25 25 25 25 25 25 25 25 25 25 25 25 25 25 25 25 25 25 25 25 25 25 25 25 25 25 25 25 25 25 25 25 25 25 25 25 25 25 25 25 25 25 25 25 25 25 25 25 25 25 25 25 25 25 25 25 25 25 25 25 25 25 25 25 25 25 25 25 25 25 25 25 25 25 25 25 25 25 25 25 25 25 25 25 25 25 25 25 25 25 25 25 25 25 25 25 25 25 25 25 25 25 25 25 25 25 25 25 25 25 25 25 25 25 25 25 25 
26.8 26.8 26.8 26.8 26.8 26.8 26.8 26.8 26.8 26.8 26.8 26.8 26.8 26.8 26.8 26.8 26.8 26.8 26.8 26.8 26.8 26.8 26.8 26.8 26.8 26.8 26.8 26.8 26.8 26.8 26.8 26.8 26.8 26.8 26.8 26.8 26.8 26.8 26.8 26.8 26.8 26.8 26.8 26.8 26.8 26.8 26.8 26.8 26.8 26.8 26.8 26.8 26.8 26.8 26.8 26.8 26.8 26.8 26.8 26.8 26.8 26.8 26.8 26.8 26.8 26.8 26.8 26.8 26.8 26.8 26.8 26.8 26.8 26.8 26.8 26.8 26.8 26.8 26.8 26.8 26.8 26.8 26.8 26.8 26.8 26.8 26.8 26.8 26.8 26.8 26.8 26.8 26.8 26.8 26.8 26.8 26.8 26.8 26.8 26.8 26.8 26.8 26.8 26.8 26.8 26.8 26.8 26.8 26.8 26.8 26.8 26.8 26.8 26.8 26.8 26.8 26.8 26.8 26.8 26.8 
