120 120 100 40
46.5 46.5 46.5 46.5 46.5 46.5 46.5 46.5 46.5 46.5 46.5 46.5 46.5 46.5 46.5 46.5 46.5 46.5 46.5 46.5 46.5 46.5 46.5 46.5 46.5 46.5 46.5 46.5 46.5 46.5 46.5 46.5 46.5 46.5 46.5 46.5 46.5 46.5 46.5 46.5 46.5 46.5 46.5 46.5 46.5 46.5 46.5 46.5 46.5 46.5 46.5 46.5 46.5 46.5 46.5 46.5 46.5 46.5 46.5 46.5 46.5 46.5 46.5 46.5 46.5 46.5 46.5 46.5 46.5 46.5 46.5 46.5 46.5 46.5 46.5 46.5 46.5 46.5 46.5 46.5 46.5 46.5 46.5 46.5 46.5 46.5 46.5 46.5 46.5 46.5 46.5 46.5 46.5 46.5 46.5 46.5 46.5 46.5 46.5 46.5 46.5 46.5 46.5 46.5 46.5 46.5 46.5 46.5 46.5 46.5 46.5 46.5 46.5 46.5 46.5 46.5 46.5 46.5 46.5 46.5 
25.8 25.8 25.8 25.8 25.8 25.8 25.8 25.8 25.8 25.8 25.8 25.8 25.8 25.8 25.8 25.8 25.8 25.8 25.8 25.8 25.8 25.8 25.8 25.8 25.8 25.8 25.8 25.8 25.8 25.8 25.8 25.8 25.8 25.8 25.8 25.8 25.8 25.8 25.8 25.8 25.8 25.8 25.8 25.8 25.8 25.8 25.8 25.8 25.8 25.8 25.8 25.8 25.8 25.8 25.8 25.8 25.8 25.8 25.8 25.8 25.8 25.8 25.8 25.8 25.8 25.8 25.8 25.8 25.8 25.8 25.8 25.8 25.8 25.8 25.8 25.8 25.8 25.8 25.8 25.8 25.8 25.8 25.8 25.8 25.8 25.8 25.8 25.8 25.8 25.8 25.8 25.8 25.8 25.8 25.8 25.8 25.8 25.8 25.8 25.8 25.8 25.8 25.8 25.8 25.8 25.8 25.8 25.8 25.8 25.8 25.8 25.8 25.8 25.8 25.8 25.8 25.8 25.8 25.8 25.8 
27.7 27.7 27.7 27.7 27.7 27.7 27.7 27.7 27.7 27.7 27.7 27.7 27.7 27.7 27.7 27.7 27.7 27.7 27.7 27.7 27.7 27.7 27.7 27.7 27.7 27.7 27.7 27.7 27.7 27.7 27.7 27.7 27.7 27.7 27.7 27.7 27.7 27.7 27.7 27.7 27.7 27.7 27.7 27.7 27.7 27.7 27.7 27.7 27.7 27.7 27.7 27.7 27.7 27.7 27.7 27.7 27.7 27.7 27.7 27.7 27.7 27.7 27.7 27.7 27.7 27.7 27.7 27.7 27.7 27.7 27.7 27.7 27.7 27.7 27.7 27.7 27.7 27.7 27.7 27.7 27.7 27.7 27.7 27.7 27.7 27.7 27.7 27.7 27.7 27.7 27.7 27.7 27.7 27.7 27.7 27.7 27.7 27.7 27.7 27.7 27.7 27.7 27.7 27.7 27.7 27.7 27.7 27.7 27.7 27.7 27.7 27.7 27.7 27.7 27.7 27.7 27.7 27.7 27.7 27.7 
36.7 36.7 36.7 36.7 36.7 36.7 36.7 36.7 36.7 36.7 36.7 36.7 36.7 36.7 36.7 36.7 36.7 36.7 36.7 36.7 36.7 36.7 36.7 36.7 36.7 36.7 36.7 36.7 36.7 36.7 36.7 36.7 36.7 36.7 36.7 36.7 36.7 36.7 36.7 36.7 36.7 36.7 36.7 36.7 36.7 36.7 36.7 36.7 36.7 36.7 36.7 36.7 36.7 36.7 36.7 36.7 36.7 36.7 36.7 36.7 36.7 36.7 36.7 36.7 36.7 36.7 36.7 36.7 36.7 36.7 36.7 36.7 36.7 36.7 36.7 36.7 36.7 36.7 36.7 36.7 36.7 36.7 36.7 36.7 36.7 36.7 36.7 36.7 36.7 36.7 36.7 36.7 36.7 36.7 36.7 36.7 36.7 36.7 36.7 36.7 36.7 36.7 36.7 36.7 36.7 36.7 36.7 36.7 36.7 36.7 36.7 36.7 36.7 36.7 36.7 36.7 36.7 36.7 36.7 36.7 
27.9 27.9 27.9 27.9 27.9 27.9 27.9 27.9 27.9 27.9 27.9 27.9 27.9 27.9 27.9 27.9 27.9 27.9 27.9 27.9 27.9 27.9 27.9 27.9 27.9 27.9 27.9 27.9 27.9 27.9 27.9 27.9 27.9 27.9 27.9 27.9 27.9 27.9 27.9 27.9 27.9 27.9 27.9 27.9 27.9 27.9 27.9 27.9 27.9 27.9 27.9 27.9 27.9 27.9 27.9 27.9 27.9 27.9 27.9 27.9 27.9 27.9 27.9 27.9 27.9 27.9 27.9 27.9 27.9 27.9 27.9 27.9 27.9 27.9 27.9 27.9 27.9 27.9 27.9 27.9 27.9 27.9 27.9 27.9 27.9 27.9 27.9 27.9 27.9 27.9 27.9 27.9 27.9 27.9 27.9 27.9 27.9 27.9 27.9 27.9 27.9 27.9 27.9 27.9 27.9 27.9 27.9 27.9 27.9 27.9 27.9 27.9 27.9 27.9 27.9 27.9 27.9 27.9 27.9 27.9 
35.4 35.4 35.4 35.4 35.4 35.4 35.4 35.4 35.4 35.4 35.4 35.4 35.4 35.4 35.4 35.4 35.4 35.4 35.4 35.4 35.4 35.4 35.4 35.4 35.4 35.4 35.4 35.4 35.4 35.4 35.4 35.4 35.4 35.4 35.4 35.4 35.4 35.4 35.4 35.4 35.4 35.4 35.4 35.4 35.4 35.4 35.4 35.4 35.4 35.4 35.4 35.4 35.4 35.4 35.4 35.4 35.4 35.4 35.4 35.4 35.4 35.4 35.4 35.4 35.4 35.4 35.4 35.4 35.4 35.4 35.4 35.4 35.4 35.4 35.4 35.4 35.4 35.4 35.4 35.4 35.4 35.4 35.4 35.4 35.4 35.4 35.4 35.4 35.4 35.4 35.4 35.4 35.4 35.4 35.4 35.4 35.4 35.4 35.4 35.4 35.4 35.4 35.4 35.4 35.4 35.4 35.4 35.4 35.4 35.4 35.4 35.4 35.4 35.4 35.4 35.4 35.4 35.4 35.4 35.4 
44.3 44.3 44.3 44.3 44.3 44.3 44.3 44.3 44.3 44.3 44.3 44.3 44.3 44.3 44.3 44.3 44.3 44.3 44.3 44.3 44.3 44.3 44.3 44.3 44.3 44.3 44.3 44.3 44.3 44.3 44.3 44.3 44.3 44.3 44.3 44.3 44.3 44.3 44.3 44.3 44.3 44.3 44.3 44.3 44.3 44.3 44.3 44.3 44.3 44.3 44.3 44.3 44.3 44.3 44.3 44.3 44.3 44.3 44.3 44.3 44.3 44.3 44.3 44.3 44.3 44.3 44.3 44.3 44.3 44.3 44.3 44.3 44.3 44.3 44.3 44.3 44.3 44.3 44.3 44.3 44.3 44.3 44.3 44.3 44.3 44.3 44.3 44.3 44.3 44.3 44.3 44.3 44.3 44.3 44.3 44.3 44.3 44.3 44.3 44.3 44.3 44.3 44.3 44.3 44.3 44.3 44.3 44.3 44.3 44.3 44.3 44.3 44.3 44.3 44.3 44.3 44.3 44.3 44.3 44.3 
26.1 26.1 26.1 26.1 26.1 26.1 26.1 26.1 26.1 26.1 26.1 26.1 26.1 26.1 26.1 26.1 26.1 26.1 26.1 26.1 26.1 26.1 26.1 26.1 26.1 26.1 26.1 26.1 26.1 26.1 26.1 26.1 26.1 26.1 26.1 26.1 26.1 26.1 26.1 26.1 26.1 26.1 26.1 26.1 26.1 26.1 26.1 26.1 26.1 26.1 26.1 26.1 26.1 26.1 26.1 26.1 26.1 26.1 26.1 26.1 26.1 26.1 26.1 26.1 26.1 26.1 26.1 26.1 26.1 26.1 26.1 26.1 26.1 26.1 26.1 26.1 26.1 26.1 26.1 26.1 26.1 26.1 26.1 26.1 26.1 26.1 26.1 26.1 26.1 26.1 26.1 26.1 26.1 26.1 26.1 26.1 26.1 26.1 26.1 26.1 26.1 26.1 26.1 26.1 26.1 26.1 26.1 26.1 26.1 26.1 26.1 26.1 26.1 26.1 26.1 26.1 26.1 26.1 26.1 26.1 
29.6 29.6 29.6 29.6 29.6 29.6 29.6 29.6 29.6 29.6 29.6 29.6 29.6 29.6 29.6 29.6 29.6 29.6 29.6 29.6 29.6 29.6 29.6 29.6 29.6 29.6 29.6 29.6 29.6 29.6 29.6 29.6 29.6 29.6 29.6 29.6 29.6 29.6 29.6 29.6 29.6 29.6 29.6 29.6 29.6 29.6 29.6 29.6 29.6 29.6 29.6 29.6 29.6 29.6 29.6 29.6 29.6 29.6 29.6 29.6 29.6 29.6 29.6 29.6 29.6 29.6 29.6 29.6 29.6 29.6 29.6 29.6 29.6 29.6 29.6 29.6 29.6 29.6 29.6 29.6 29.6 29.6 29.6 29.6 29.6 29.6 29.6 29.6 29.6 29.6 29.6 29.6 29.6 29.6 29.6 29.6 29.6 29.6 29.6 29.6 29.6 29.6 29.6 29.6 29.6 29.6 29.6 29.6 29.6 29.6 29.6 29.6 29.6 29.6 29.6 29.6 29.6 29.6 29.6 29.6 
47.9 47.9 47.9 47.9 47.9 47.9 47.9 47.9 47.9 47.9 47.9 47.9 47.9 47.9 47.9 47.9 47.9 47.9 47.9 47.9 47.9 47.9 47.9 47.9 47.9 47.9 47.9 47.9 47.9 47.9 47.9 47.9 47.9 47.9 47.9 47.9 47.9 47.9 47.9 47.9 47.9 47.9 47.9 47.9 47.9 47.9 47.9 47.9 47.9 47.9 47.9 47.9 47.9 47.9 47.9 47.9 47.9 47.9 47.9 47.9 47.9 47.9 47.9 47.9 47.9 47.9 47.9 47.9 47.9 47.9 47.9 47.9 47.9 47.9 47.9 47.9 47.9 47.9 47.9 47.9 47.9 47.9 47.9 47.9 47.9 47.9 47.9 47.9 47.9 47.9 47.9 47.9 47.9 47.9 47.9 47.9 47.9 47.9 47.9 47.9 47.9 47.9 47.9 47.9 47.9 47.9 47.9 47.9 47.9 47.9 47.9 47.9 47.9 47.9 47.9 47.9 47.9 47.9 47.9 47.9 
25.1 25.1 25.1 25.1 25.1 25.1 25.1 25.1 25.1 25.1 25.1 25.1 25.1 25.1 25.1 25.1 25.1 25.1 25.1 25.1 25.1 25.1 25.1 25.1 25.1 25.1 25.1 25.1 25.1 25.1 25.1 25.1 25.1 25.1 25.1 25.1 25.1 25.1 25.1 25.1 25.1 25.1 25.1 25.1 25.1 25.1 25.1 25.1 25.1 25.1 25.1 25.1 25.1 25.1 25.1 25.1 25.1 25.1 25.1 25.1 25.1 25.1 25.1 25.1 25.1 25.1 25.1 25.1 25.1 25.1 25.1 25.1 25.1 25.1 25.1 25.1 25.1 25.1 25.1 25.1 25.1 25.1 25.1 25.1 25.1 25.1 25.1 25.1 25.1 25.1 25.1 25.1 25.1 25.1 25.1 25.1 25.1 25.1 25.1 25.1 25.1 25.1 25.1 25.1 25.1 25.1 25.1 25.1 25.1 25.1 25.1 25.1 25.1 25.1 25.1 25.1 25.1 25.1 25.1 25.1 
27 27 27 27 27 27 27 27 27 27 27 27 27 27 27 27 27 27 27 27 27 27 27 27 27 27 27 27 27 27 27 27 27 27 27 27 27 27 27 27 27 27 27 27 27 27 27 27 27 27 27 27 27 27 27 27 27 27 27 27 27 27 27 27 27 27 27 27 27 27 27 27 27 27 27 27 27 27 27 27 27 27 27 27 27 27 27 27 27 27 27 27 27 27 27 27 27 27 27 27 27 27 27 27 27 27 27 27 27 27 27 27 27 27 27 27 27 27 27 27 
37.2 37.2 37.2 37.2 37.2 37.2 37.2 37.2 37.2 37.2 37.2 37.2 37.2 37.2 37.2 37.2 37.2 37.2 37.2 37.2 37.2 37.2 37.2 37.2 37.2 37.2 37.2 37.2 37.2 37.2 37.2 37.2 37.2 37.2 37.2 37.2 37.2 37.2 37.2 37.2 37.2 37.2 37.2 37.2 37.2 37.2 37.2 37.2 37.2 37.2 37.2 37.2 37.2 37.2 37.2 37.2 37.2 37.2 37.2 37.2 37.2 37.2 37.2 37.2 37.2 37.2 37.2 37.2 37.2 37.2 37.2 37.2 37.2 37.2 37.2 37.2 37.2 37.2 37.2 37.2 37.2 37.2 37.2 37.2 37.2 37.2 37.2 37.2 37.2 37.2 37.2 37.2 37.2 37.2 37.2 37.2 37.2 37.2 37.2 37.2 37.2 37.2 37.2 37.2 37.2 37.2 37.2 37.2 37.2 37.2 37.2 37.2 37.2 37.2 37.2 37.2 37.2 37.2 37.2 37.2 
30.6 30.6 30.6 30.6 30.6 30.6 30.6 30.6 30.6 30.6 30.6 30.6 30.6 30.6 30.6 30.6 30.6 30.6 30.6 30.6 30.6 30.6 30.6 30.6 30.6 30.6 30.6 30.6 30.6 30.6 30.6 30.6 30.6 30.6 30.6 30.6 30.6 30.6 30.6 30.6 30.6 30.6 30.6 30.6 30.6 30.6 30.6 30.6 30.6 30.6 30.6 30.6 30.6 30.6 30.6 30.6 30.6 30.6 30.6 30.6 30.6 30.6 30.6 30.6 30.6 30.6 30.6 30.6 30.6 30.6 30.6 30.6 30.6 30.6 30.6 30.6 30.6 30.6 30.6 30.6 30.6 30.6 30.6 30.6 30.6 30.6 30.6 30.6 30.6 30.6 30.6 30.6 30.6 30.6 30.6 30.6 30.6 30.6 30.6 30.6 30.6 30.6 30.6 30.6 30.6 30.6 30.6 30.6 30.6 30.6 30.6 30.6 30.6 30.6 30.6 30.6 30.6 30.6 30.6 30.6 
32.2 32.2 32.2 32.2 32.2 32.2 32.2 32.2 32.2 32.2 32.2 32.2 32.2 32.2 32.2 32.2 32.2 32.2 32.2 32.2 32.2 32.2 32.2 32.2 32.2 32.2 32.2 32.2 32.2 32.2 32.2 32.2 32.2 32.2 32.2 32.2 32.2 32.2 32.2 32.2 32.2 32.2 32.2 32.2 32.2 32.2 32.2 32.2 32.2 32.2 32.2 32.2 32.2 32.2 32.2 32.2 32.2 32.2 32.2 32.2 32.2 32.2 32.2 32.2 32.2 32.2 32.2 32.2 32.2 32.2 32.2 32.2 32.2 32.2 32.2 32.2 32.2 32.2 32.2 32.2 32.2 32.2 32.2 32.2 32.2 32.2 32.2 32.2 32.2 32.2 32.2 32.2 32.2 32.2 32.2 32.2 32.2 32.2 32.2 32.2 32.2 32.2 32.2 32.2 32.2 32.2 32.2 32.2 32.2 32.2 32.2 32.2 32.2 32.2 32.2 32.2 32.2 32.2 32.2 32.2 
44.3 44.3 44.3 44.3 44.3 44.3 44.3 44.3 44.3 44.3 44.3 44.3 44.3 44.3 44.3 44.3 44.3 44.3 44.3 44.3 44.3 44.3 44.3 44.3 44.3 44.3 44.3 44.3 44.3 44.3 44.3 44.3 44.3 44.3 44.3 44.3 44.3 44.3 44.3 44.3 44.3 44.3 44.3 44.3 44.3 44.3 44.3 44.3 44.3 44.3 44.3 44.3 44.3 44.3 44.3 44.3 44.3 44.3 44.3 44.3 44.3 44.3 44.3 44.3 44.3 44.3 44.3 44.3 44.3 44.3 44.3 44.3 44.3 44.3 44.3 44.3 44.3 44.3 44.3 44.3 44.3 44.3 44.3 44.3 44.3 44.3 44.3 44.3 44.3 44.3 44.3 44.3 44.3 44.3 44.3 44.3 44.3 44.3 44.3 44.3 44.3 44.3 44.3 44.3 44.3 44.3 44.3 44.3 44.3 44.3 44.3 44.3 44.3 44.3 44.3 44.3 44.3 44.3 44.3 44.3 
25 25 25 25 25 25 25 25 25 25 25 25 25 25 25 25 25 25 25 25 25 25 25 25 25 25 25 25 25 25 25 25 25 25 25 25 25 25 25 25 25 25 25 25 25 25 25 25 25 25 25 25 25 25 25 25 25 25 25 25 25 25 25 25 25 25 25 25 25 25 25 25 25 25 25 25 25 25 25 25 25 25 25 25 25 25 25 25 25 25 25 25 25 25 25 25 25 25 25 25 25 25 25 25 25 25 25 25 25 25 25 25 25 25 25 25 25 25 25 25 
30.7 30.7 30.7 30.7 30.7 30.7 30.7 30.7 30.7 30.7 30.7 30.7 30.7 30.7 30.7 30.7 30.7 30.7 30.7 30.7 30.7 30.7 30.7 30.7 30.7 30.7 30.7 30.7 30.7 30.7 30.7 30.7 30.7 30.7 30.7 30.7 30.7 30.7 30.7 30.7 30.7 30.7 30.7 30.7 30.7 30.7 30.7 30.7 30.7 30.7 30.7 30.7 30.7 30.7 30.7 30.7 30.7 30.7 30.7 30.7 30.7 30.7 30.7 30.7 30.7 30.7 30.7 30.7 30.7 30.7 30.7 30.7 30.7 30.7 30.7 30.7 30.7 30.7 30.7 30.7 30.7 30.7 30.7 30.7 30.7 30.7 30.7 30.7 30.7 30.7 30.7 30.7 30.7 30.7 30.7 30.7 30.7 30.7 30.7 30.7 30.7 30.7 30.7 30.7 30.7 30.7 30.7 30.7 30.7 30.7 30.7 30.7 30.7 30.7 30.7 30.7 30.7 30.7 30.7 30.7 
44.6 44.6 44.6 44.6 44.6 44.6 44.6 44.6 44.6 44.6 44.6 44.6 44.6 44.6 44.6 44.6 44.6 44.6 44.6 44.6 44.6 44.6 44.6 44.6 44.6 44.6 44.6 44.6 44.6 44.6 44.6 44.6 44.6 44.6 44.6 44.6 44.6 44.6 44.6 44.6 44.6 44.6 44.6 44.6 44.6 44.6 44.6 44.6 44.6 44.6 44.6 44.6 44.6 44.6 44.6 44.6 44.6 44.6 44.6 44.6 44.6 44.6 44.6 44.6 44.6 44.6 44.6 44.6 44.6 44.6 44.6 44.6 44.6 44.6 44.6 44.6 44.6 44.6 44.6 44.6 44.6 44.6 44.6 44.6 44.6 44.6 44.6 44.6 44.6 44.6 44.6 44.6 44.6 44.6 44.6 44.6 44.6 44.6 44.6 44.6 44.6 44.6 44.6 44.6 44.6 44.6 44.6 44.6 44.6 44.6 44.6 44.6 44.6 44.6 44.6 44.6 44.6 44.6 44.6 44.6 
25.8 25.8 25.8 25.8 25.8 25.8 25.8 25.8 25.8 25.8 25.8 25.8 25.8 25.8 25.8 25.8 25.8 25.8 25.8 25.8 25.8 25.8 25.8 25.8 25.8 25.8 25.8 25.8 25.8 25.8 25.8 25.8 25.8 25.8 25.8 25.8 25.8 25.8 25.8 25.8 25.8 25.8 25.8 25.8 25.8 25.8 25.8 25.8 25.8 25.8 25.8 25.8 25.8 25.8 25.8 25.8 25.8 25.8 25.8 25.8 25.8 25.8 25.8 25.8 25.8 25.8 25.8 25.8 25.8 25.8 25.8 25.8 25.8 25.8 25.8 25.8 25.8 25.8 25.8 25.8 25.8 25.8 25.8 25.8 25.8 25.8 25.8 25.8 25.8 25.8 25.8 25.8 25.8 25.8 25.8 25.8 25.8 25.8 25.8 25.8 25.8 25.8 25.8 25.8 25.8 25.8 25.8 25.8 25.8 25.8 25.8 25.8 25.8 25.8 25.8 25.8 25.8 25.8 25.8 25.8 
29.6 29.6 29.6 29.6 29.6 29.6 29.6 29.6 29.6 29.6 29.6 29.6 29.6 29.6 29.6 29.6 29.6 29.6 29.6 29.6 29.6 29.6 29.6 29.6 29.6 29.6 29.6 29.6 29.6 29.6 29.6 29.6 29.6 29.6 29.6 29.6 29.6 29.6 29.6 29.6 29.6 29.6 29.6 29.6 29.6 29.6 29.6 29.6 29.6 29.6 29.6 29.6 29.6 29.6 29.6 29.6 29.6 29.6 29.6 29.6 29.6 29.6 29.6 29.6 29.6 29.6 29.6 29.6 29.6 29.6 29.6 29.6 29.6 29.6 29.6 29.6 29.6 29.6 29.6 29.6 29.6 29.6 29.6 29.6 29.6 29.6 29.6 29.6 29.6 29.6 29.6 29.6 29.6 29.6 29.6 29.6 29.6 29.6 29.6 29.6 29.6 29.6 29.6 29.6 29.6 29.6 29.6 29.6 29.6 29.6 29.6 29.6 29.6 29.6 29.6 29.6 29.6 29.6 29.6 29.6 
48.7 48.7 48.7 48.7 48.7 48.7 48.7 48.7 48.7 48.7 48.7 48.7 48.7 48.7 48.7 48.7 48.7 48.7 48.7 48.7 48.7 48.7 48.7 48.7 48.7 48.7 48.7 48.7 48.7 48.7 48.7 48.7 48.7 48.7 48.7 48.7 48.7 48.7 48.7 48.7 48.7 48.7 48.7 48.7 48.7 48.7 48.7 48.7 48.7 48.7 48.7 48.7 48.7 48.7 48.7 48.7 48.7 48.7 48.7 48.7 48.7 48.7 48.7 48.7 48.7 48.7 48.7 48.7 48.7 48.7 48.7 48.7 48.7 48.7 48.7 48.7 48.7 48.7 48.7 48.7 48.7 48.7 48.7 48.7 48.7 48.7 48.7 48.7 48.7 48.7 48.7 48.7 48.7 48.7 48.7 48.7 48.7 48.7 48.7 48.7 48.7 48.7 48.7 48.7 48.7 48.7 48.7 48.7 48.7 48.7 48.7 48.7 48.7 48.7 48.7 48.7 48.7 48.7 48.7 48.7 
25 25 25 25 25 25 25 25 25 25 25 25 25 25 25 25 25 25 25 25 25 25 25 25 25 25 25 25 25 25 25 25 25 25 25 25 25 25 25 25 25 25 25 25 25 25 25 25 25 25 25 25 25 25 25 25 25 25 25 25 25 25 25 25 25 25 25 25 25 25 25 25 25 25 25 25 25 25 25 25 25 25 25 25 25 25 25 25 25 25 25 25 25 25 25 25 25 25 25 25 25 25 25 25 25 25 25 25 25 25 25 25 25 25 25 25 25 25 25 25 
26.3 26.3 26.3 26.3 26.3 26.3 26.3 26.3 26.3 26.3 26.3 26.3 26.3 26.3 26.3 26.3 26.3 26.3 26.3 26.3 26.3 26.3 26.3 26.3 26.3 26.3 26.3 26.3 26.3 26.3 26.3 26.3 26.3 26.3 26.3 26.3 26.3 26.3 26.3 26.3 26.3 26.3 26.3 26.3 26.3 26.3 26.3 26.3 26.3 26.3 26.3 26.3 26.3 26.3 26.3 26.3 26.3 26.3 26.3 26.3 26.3 26.3 26.3 26.3 26.3 26.3 26.3 26.3 26.3 26.3 26.3 26.3 26.3 26.3 26.3 26.3 26.3 26.3 26.3 26.3 26.3 26.3 26.3 26.3 26.3 26.3 26.3 26.3 26.3 26.3 26.3 26.3 26.3 26.3 26.3 26.3 26.3 26.3 26.3 26.3 26.3 26.3 26.3 26.3 26.3 26.3 26.3 26.3 26.3 26.3 26.3 26.3 26.3 26.3 26.3 26.3 26.3 26.3 26.3 26.3 
44.6 44.6 44.6 44.6 44.6 44.6 44.6 44.6 44.6 44.6 44.6 44.6 44.6 44.6 44.6 44.6 44.6 44.6 44.6 44.6 44.6 44.6 44.6 44.6 44.6 44.6 44.6 44.6 44.6 44.6 44.6 44.6 44.6 44.6 44.6 44.6 44.6 44.6 44.6 44.6 44.6 44.6 44.6 44.6 44.6 44.6 44.6 44.6 44.6 44.6 44.6 44.6 44.6 44.6 44.6 44.6 44.6 44.6 44.6 44.6 44.6 44.6 44.6 44.6 44.6 44.6 44.6 44.6 44.6 44.6 44.6 44.6 44.6 44.6 44.6 44.6 44.6 44.6 44.6 44.6 44.6 44.6 44.6 44.6 44.6 44.6 44.6 44.6 44.6 44.6 44.6 44.6 44.6 44.6 44.6 44.6 44.6 44.6 44.6 44.6 44.6 44.6 44.6 44.6 44.6 44.6 44.6 44.6 44.6 44.6 44.6 44.6 44.6 44.6 44.6 44.6 44.6 44.6 44.6 44.6 
25.1 25.1 25.1 25.1 25.1 25.1 25.1 25.1 25.1 25.1 25.1 25.1 25.1 25.1 25.1 25.1 25.1 25.1 25.1 25.1 25.1 25.1 25.1 25.1 25.1 25.1 25.1 25.1 25.1 25.1 25.1 25.1 25.1 25.1 25.1 25.1 25.1 25.1 25.1 25.1 25.1 25.1 25.1 25.1 25.1 25.1 25.1 25.1 25.1 25.1 25.1 25.1 25.1 25.1 25.1 25.1 25.1 25.1 25.1 25.1 25.1 25.1 25.1 25.1 25.1 25.1 25.1 25.1 25.1 25.1 25.1 25.1 25.1 25.1 25.1 25.1 25.1 25.1 25.1 25.1 25.1 25.1 25.1 25.1 25.1 25.1 25.1 25.1 25.1 25.1 25.1 25.1 25.1 25.1 25.1 25.1 25.1 25.1 25.1 25.1 25.1 25.1 25.1 25.1 25.1 25.1 25.1 25.1 25.1 25.1 25.1 25.1 25.1 25.1 25.1 25.1 25.1 25.1 25.1 25.1 
30.3 30.3 30.3 30.3 30.3 30.3 30.3 30.3 30.3 30.3 30.3 30.3 30.3 30.3 30.3 30.3 30.3 30.3 30.3 30.3 30.3 30.3 30.3 30.3 30.3 30.3 30.3 30.3 30.3 30.3 30.3 30.3 30.3 30.3 30.3 30.3 30.3 30.3 30.3 30.3 30.3 30.3 30.3 30.3 30.3 30.3 30.3 30.3 30.3 30.3 30.3 30.3 30.3 30.3 30.3 30.3 30.3 30.3 30.3 30.3 30.3 30.3 30.3 30.3 30.3 30.3 30.3 30.3 30.3 30.3 30.3 30.3 30.3 30.3 30.3 30.3 30.3 30.3 30.3 30.3 30.3 30.3 30.3 30.3 30.3 30.3 30.3 30.3 30.3 30.3 30.3 30.3 30.3 30.3 30.3 30.3 30.3 30.3 30.3 30.3 30.3 30.3 30.3 30.3 30.3 30.3 30.3 30.3 30.3 30.3 30.3 30.3 30.3 30.3 30.3 30.3 30.3 30.3 30.3 30.3 
46.3 46.3 46.3 46.3 46.3 46.3 46.3 46.3 46.3 46.3 46.3 46.3 46.3 46.3 46.3 46.3 46.3 46.3 46.3 46.3 46.3 46.3 46.3 46.3 46.3 46.3 46.3 46.3 46.3 46.3 46.3 46.3 46.3 46.3 46.3 46.3 46.3 46.3 46.3 46.3 46.3 46.3 46.3 46.3 46.3 46.3 46.3 46.3 46.3 46.3 46.3 46.3 46.3 46.3 46.3 46.3 46.3 46.3 46.3 46.3 46.3 46.3 46.3 46.3 46.3 46.3 46.3 46.3 46.3 46.3 46.3 46.3 46.3 46.3 46.3 46.3 46.3 46.3 46.3 46.3 46.3 46.3 46.3 46.3 46.3 46.3 46.3 46.3 46.3 46.3 46.3 46.3 46.3 46.3 46.3 46.3 46.3 46.3 46.3 46.3 46.3 46.3 46.3 46.3 46.3 46.3 46.3 46.3 46.3 46.3 46.3 46.3 46.3 46.3 46.3 46.3 46.3 46.3 46.3 46.3 
26.7 26.7 26.7 26.7 26.7 26.7 26.7 26.7 26.7 26.7 26.7 26.7 26.7 26.7 26.7 26.7 26.7 26.7 26.7 26.7 26.7 26.7 26.7 26.7 26.7 26.7 26.7 26.7 26.7 26.7 26.7 26.7 26.7 26.7 26.7 26.7 26.7 26.7 26.7 26.7 26.7 26.7 26.7 26.7 26.7 26.7 26.7 26.7 26.7 26.7 26.7 26.7 26.7 26.7 26.7 26.7 26.7 26.7 26.7 26.7 26.7 26.7 26.7 26.7 26.7 26.7 26.7 26.7 26.7 26.7 26.7 26.7 26.7 26.7 26.7 26.7 26.7 26.7 26.7 26.7 26.7 26.7 26.7 26.7 26.7 26.7 26.7 26.7 26.7 26.7 26.7 26.7 26.7 26.7 26.7 26.7 26.7 26.7 26.7 26.7 26.7 26.7 26.7 26.7 26.7 26.7 26.7 26.7 26.7 26.7 26.7 26.7 26.7 26.7 26.7 26.7 26.7 26.7 26.7 26.7 
27 27 27 27 27 27 27 27 27 27 27 27 27 27 27 27 27 27 27 27 27 27 27 27 27 27 27 27 27 27 27 27 27 27 27 27 27 27 27 27 27 27 27 27 27 27 27 27 27 27 27 27 27 27 27 27 27 27 27 27 27 27 27 27 27 27 27 27 27 27 27 27 27 27 27 27 27 27 27 27 27 27 27 27 27 27 27 27 27 27 27 27 27 27 27 27 27 27 27 27 27 27 27 27 27 27 27 27 27 27 27 27 27 27 27 27 27 27 27 27 
47.2 47.2 47.2 47.2 47.2 47.2 47.2 47.2 47.2 47.2 47.2 47.2 47.2 47.2 47.2 47.2 47.2 47.2 47.2 47.2 47.2 47.2 47.2 47.2 47.2 47.2 47.2 47.2 47.2 47.2 47.2 47.2 47.2 47.2 47.2 47.2 47.2 47.2 47.2 47.2 47.2 47.2 47.2 47.2 47.2 47.2 47.2 47.2 47.2 47.2 47.2 47.2 47.2 47.2 47.2 47.2 47.2 47.2 47.2 47.2 47.2 47.2 47.2 47.2 47.2 47.2 47.2 47.2 47.2 47.2 47.2 47.2 47.2 47.2 47.2 47.2 47.2 47.2 47.2 47.2 47.2 47.2 47.2 47.2 47.2 47.2 47.2 47.2 47.2 47.2 47.2 47.2 47.2 47.2 47.2 47.2 47.2 47.2 47.2 47.2 47.2 47.2 47.2 47.2 47.2 47.2 47.2 47.2 47.2 47.2 47.2 47.2 47.2 47.2 47.2 47.2 47.2 47.2 47.2 47.2 
26.1 26.1 26.1 26.1 26.1 26.1 26.1 26.1 26.1 26.1 26.1 26.1 26.1 26.1 26.1 26.1 26.1 26.1 26.1 26.1 26.1 26.1 26.1 26.1 26.1 26.1 26.1 26.1 26.1 26.1 26.1 26.1 26.1 26.1 26.1 26.1 26.1 26.1 26.1 26.1 26.1 26.1 26.1 26.1 26.1 26.1 26.1 26.1 26.1 26.1 26.1 26.1 26.1 26.1 26.1 26.1 26.1 26.1 26.1 26.1 26.1 26.1 26.1 26.1 26.1 26.1 26.1 26.1 26.1 26.1 26.1 26.1 26.1 26.1 26.1 26.1 26.1 26.1 26.1 26.1 26.1 26.1 26.1 26.1 26.1 26.1 26.1 26.1 26.1 26.1 26.1 26.1 26.1 26.1 26.1 26.1 26.1 26.1 26.1 26.1 26.1 26.1 26.1 26.1 26.1 26.1 26.1 26.1 26.1 26.1 26.1 26.1 26.1 26.1 26.1 26.1 26.1 26.1 26.1 26.1 
26.7 26.7 26.7 26.7 26.7 26.7 26.7 26.7 26.7 26.7 26.7 26.7 26.7 26.7 26.7 26.7 26.7 26.7 26.7 26.7 26.7 26.7 26.7 26.7 26.7 26.7 26.7 26.7 26.7 26.7 26.7 26.7 26.7 26.7 26.7 26.7 26.7 26.7 26.7 26.7 26.7 26.7 26.7 26.7 26.7 26.7 26.7 26.7 26.7 26.7 26.7 26.7 26.7 26.7 26.7 26.7 26.7 26.7 26.7 26.7 26.7 26.7 26.7 26.7 26.7 26.7 26.7 26.7 26.7 26.7 26.7 26.7 26.7 26.7 26.7 26.7 26.7 26.7 26.7 26.7 26.7 26.7 26.7 26.7 26.7 26.7 26.7 26.7 26.7 26.7 26.7 26.7 26.7 26.7 26.7 26.7 26.7 26.7 26.7 26.7 26.7 26.7 26.7 26.7 26.7 26.7 26.7 26.7 26.7 26.7 26.7 26.7 26.7 26.7 26.7 26.7 26.7 26.7 26.7 26.7 
42.6 42.6 42.6 42.6 42.6 42.6 42.6 42.6 42.6 42.6 42.6 42.6 42.6 42.6 42.6 42.6 42.6 42.6 42.6 42.6 42.6 42.6 42.6 42.6 42.6 42.6 42.6 42.6 42.6 42.6 42.6 42.6 42.6 42.6 42.6 42.6 42.6 42.6 42.6 42.6 42.6 42.6 42.6 42.6 42.6 42.6 42.6 42.6 42.6 42.6 42.6 42.6 42.6 42.6 42.6 42.6 42.6 42.6 42.6 42.6 42.6 42.6 42.6 42.6 42.6 42.6 42.6 42.6 42.6 42.6 42.6 42.6 42.6 42.6 42.6 42.6 42.6 42.6 42.6 42.6 42.6 42.6 42.6 42.6 42.6 42.6 42.6 42.6 42.6 42.6 42.6 42.6 42.6 42.6 42.6 42.6 42.6 42.6 42.6 42.6 42.6 42.6 42.6 42.6 42.6 42.6 42.6 42.6 42.6 42.6 42.6 42.6 42.6 42.6 42.6 42.6 42.6 42.6 42.6 42.6 
27.1 27.1 27.1 27.1 27.1 27.1 27.1 27.1 27.1 27.1 27.1 27.1 27.1 27.1 27.1 27.1 27.1 27.1 27.1 27.1 27.1 27.1 27.1 27.1 27.1 27.1 27.1 27.1 27.1 27.1 27.1 27.1 27.1 27.1 27.1 27.1 27.1 27.1 27.1 27.1 27.1 27.1 27.1 27.1 27.1 27.1 27.1 27.1 27.1 27.1 27.1 27.1 27.1 27.1 27.1 27.1 27.1 27.1 27.1 27.1 27.1 27.1 27.1 27.1 27.1 27.1 27.1 27.1 27.1 27.1 27.1 27.1 27.1 27.1 27.1 27.1 27.1 27.1 27.1 27.1 27.1 27.1 27.1 27.1 27.1 27.1 27.1 27.1 27.1 27.1 27.1 27.1 27.1 27.1 27.1 27.1 27.1 27.1 27.1 27.1 27.1 27.1 27.1 27.1 27.1 27.1 27.1 27.1 27.1 27.1 27.1 27.1 27.1 27.1 27.1 27.1 27.1 27.1 27.1 27.1 
30.3 30.3 30.3 30.3 30.3 30.3 30.3 30.3 30.3 30.3 30.3 30.3 30.3 30.3 30.3 30.3 30.3 30.3 30.3 30.3 30.3 30.3 30.3 30.3 30.3 30.3 30.3 30.3 30.3 30.3 30.3 30.3 30.3 30.3 30.3 30.3 30.3 30.3 30.3 30.3 30.3 30.3 30.3 30.3 30.3 30.3 30.3 30.3 30.3 30.3 30.3 30.3 30.3 30.3 30.3 30.3 30.3 30.3 30.3 30.3 30.3 30.3 30.3 30.3 30.3 30.3 30.3 30.3 30.3 30.3 30.3 30.3 30.3 30.3 30.3 30.3 30.3 30.3 30.3 30.3 30.3 30.3 30.3 30.3 30.3 30.3 30.3 30.3 30.3 30.3 30.3 30.3 30.3 30.3 30.3 30.3 30.3 30.3 30.3 30.3 30.3 30.3 30.3 30.3 30.3 30.3 30.3 30.3 30.3 30.3 30.3 30.3 30.3 30.3 30.3 30.3 30.3 30.3 30.3 30.3 
48.4 48.4 48.4 48.4 48.4 48.4 48.4 48.4 48.4 48.4 48.4 48.4 48.4 48.4 48.4 48.4 48.4 48.4 48.4 48.4 48.4 48.4 48.4 48.4 48.4 48.4 48.4 48.4 48.4 48.4 48.4 48.4 48.4 48.4 48.4 48.4 48.4 48.4 48.4 48.4 48.4 48.4 48.4 48.4 48.4 48.4 48.4 48.4 48.4 48.4 48.4 48.4 48.4 48.4 48.4 48.4 48.4 48.4 48.4 48.4 48.4 48.4 48.4 48.4 48.4 48.4 48.4 48.4 48.4 48.4 48.4 48.4 48.4 48.4 48.4 48.4 48.4 48.4 48.4 48.4 48.4 48.4 48.4 48.4 48.4 48.4 48.4 48.4 48.4 48.4 48.4 48.4 48.4 48.4 48.4 48.4 48.4 48.4 48.4 48.4 48.4 48.4 48.4 48.4 48.4 48.4 48.4 48.4 48.4 48.4 48.4 48.4 48.4 48.4 48.4 48.4 48.4 48.4 48.4 48.4 
25.2 25.2 25.2 25.2 25.2 25.2 25.2 25.2 25.2 25.2 25.2 25.2 25.2 25.2 25.2 25.2 25.2 25.2 25.2 25.2 25.2 25.2 25.2 25.2 25.2 25.2 25.2 25.2 25.2 25.2 25.2 25.2 25.2 25.2 25.2 25.2 25.2 25.2 25.2 25.2 25.2 25.2 25.2 25.2 25.2 25.2 25.2 25.2 25.2 25.2 25.2 25.2 25.2 25.2 25.2 25.2 25.2 25.2 25.2 25.2 25.2 25.2 25.2 25.2 25.2 25.2 25.2 25.2 25.2 25.2 25.2 25.2 25.2 25.2 25.2 25.2 25.2 25.2 25.2 25.2 25.2 25.2 25.2 25.2 25.2 25.2 25.2 25.2 25.2 25.2 25.2 25.2 25.2 25.2 25.2 25.2 25.2 25.2 25.2 25.2 25.2 25.2 25.2 25.2 25.2 25.2 25.2 25.2 25.2 25.2 25.2 25.2 25.2 25.2 25.2 25.2 25.2 25.2 25.2 25.2 
26.4 26.4 26.4 26.4 26.4 26.4 26.4 26.4 26.4 26.4 26.4 26.4 26.4 26.4 26.4 26.4 26.4 26.4 26.4 26.4 26.4 26.4 26.4 26.4 26.4 26.4 26.4 26.4 26.4 26.4 26.4 26.4 26.4 26.4 26.4 26.4 26.4 26.4 26.4 26.4 26.4 26.4 26.4 26.4 26.4 26.4 26.4 26.4 26.4 26.4 26.4 26.4 26.4 26.4 26.4 26.4 26.4 26.4 26.4 26.4 26.4 26.4 26.4 26.4 26.4 26.4 26.4 26.4 26.4 26.4 26.4 26.4 26.4 26.4 26.4 26.4 26.4 26.4 26.4 26.4 26.4 26.4 26.4 26.4 26.4 26.4 26.4 26.4 26.4 26.4 26.4 26.4 26.4 26.4 26.4 26.4 26.4 26.4 26.4 26.4 26.4 26.4 26.4 26.4 26.4 26.4 26.4 26.4 26.4 26.4 26.4 26.4 26.4 26.4 26.4 26.4 26.4 26.4 26.4 26.4 
36.3 36.3 36.3 36.3 36.3 36.3 36.3 36.3 36.3 36.3 36.3 36.3 36.3 36.3 36.3 36.3 36.3 36.3 36.3 36.3 36.3 36.3 36.3 36.3 36.3 36.3 36.3 36.3 36.3 36.3 36.3 36.3 36.3 36.3 36.3 36.3 36.3 36.3 36.3 36.3 36.3 36.3 36.3 36.3 36.3 36.3 36.3 36.3 36.3 36.3 36.3 36.3 36.3 36.3 36.3 36.3 36.3 36.3 36.3 36.3 36.3 36.3 36.3 36.3 36.3 36.3 36.3 36.3 36.3 36.3 36.3 36.3 36.3 36.3 36.3 36.3 36.3 36.3 36.3 36.3 36.3 36.3 36.3 36.3 36.3 36.3 36.3 36.3 36.3 36.3 36.3 36.3 36.3 36.3 36.3 36.3 36.3 36.3 36.3 36.3 36.3 36.3 36.3 36.3 36.3 36.3 36.3 36.3 36.3 36.3 36.3 36.3 36.3 36.3 36.3 36.3 36.3 36.3 36.3 36.3 
27.4 27.4 27.4 27.4 27.4 27.4 27.4 27.4 27.4 27.4 27.4 27.4 27.4 27.4 27.4 27.4 27.4 27.4 27.4 27.4 27.4 27.4 27.4 27.4 27.4 27.4 27.4 27.4 27.4 27.4 27.4 27.4 27.4 27.4 27.4 27.4 27.4 27.4 27.4 27.4 27.4 27.4 27.4 27.4 27.4 27.4 27.4 27.4 27.4 27.4 27.4 27.4 27.4 27.4 27.4 27.4 27.4 27.4 27.4 27.4 27.4 27.4 27.4 27.4 27.4 27.4 27.4 27.4 27.4 27.4 27.4 27.4 27.4 27.4 27.4 27.4 27.4 27.4 27.4 27.4 27.4 27.4 27.4 27.4 27.4 27.4 27.4 27.4 27.4 27.4 27.4 27.4 27.4 27.4 27.4 27.4 27.4 27.4 27.4 27.4 27.4 27.4 27.4 27.4 27.4 27.4 27.4 27.4 27.4 27.4 27.4 27.4 27.4 27.4 27.4 27.4 27.4 27.4 27.4 27.4 
36.3 36.3 36.3 36.3 36.3 36.3 36.3 36.3 36.3 36.3 36.3 36.3 36.3 36.3 36.3 36.3 36.3 36.3 36.3 36.3 36.3 36.3 36.3 36.3 36.3 36.3 36.3 36.3 36.3 36.3 36.3 36.3 36.3 36.3 36.3 36.3 36.3 36.3 36.3 36.3 36.3 36.3 36.3 36.3 36.3 36.3 36.3 36.3 36.3 36.3 36.3 36.3 36.3 36.3 36.3 36.3 36.3 36.3 36.3 36.3 36.3 36.3 36.3 36.3 36.3 36.3 36.3 36.3 36.3 36.3 36.3 36.3 36.3 36.3 36.3 36.3 36.3 36.3 36.3 36.3 36.3 36.3 36.3 36.3 36.3 36.3 36.3 36.3 36.3 36.3 36.3 36.3 36.3 36.3 36.3 36.3 36.3 36.3 36.3 36.3 36.3 36.3 36.3 36.3 36.3 36.3 36.3 36.3 36.3 36.3 36.3 36.3 36.3 36.3 36.3 36.3 36.3 36.3 36.3 36.3 
42.2 42.2 42.2 42.2 42.2 42.2 42.2 42.2 42.2 42.2 42.2 42.2 42.2 42.2 42.2 42.2 42.2 42.2 42.2 42.2 42.2 42.2 42.2 42.2 42.2 42.2 42.2 42.2 42.2 42.2 42.2 42.2 42.2 42.2 42.2 42.2 42.2 42.2 42.2 42.2 42.2 42.2 42.2 42.2 42.2 42.2 42.2 42.2 42.2 42.2 42.2 42.2 42.2 42.2 42.2 42.2 42.2 42.2 42.2 42.2 42.2 42.2 42.2 42.2 42.2 42.2 42.2 42.2 42.2 42.2 42.2 42.2 42.2 42.2 42.2 42.2 42.2 42.2 42.2 42.2 42.2 42.2 42.2 42.2 42.2 42.2 42.2 42.2 42.2 42.2 42.2 42.2 42.2 42.2 42.2 42.2 42.2 42.2 42.2 42.2 42.2 42.2 42.2 42.2 42.2 42.2 42.2 42.2 42.2 42.2 42.2 42.2 42.2 42.2 42.2 42.2 42.2 42.2 42.2 42.2 
27.4 27.4 27.4 27.4 27.4 27.4 27.4 27.4 27.4 27.4 27.4 27.4 27.4 27.4 27.4 27.4 27.4 27.4 27.4 27.4 27.4 27.4 27.4 27.4 27.4 27.4 27.4 27.4 27.4 27.4 27.4 27.4 27.4 27.4 27.4 27.4 27.4 27.4 27.4 27.4 27.4 27.4 27.4 27.4 27.4 27.4 27.4 27.4 27.4 27.4 27.4 27.4 27.4 27.4 27.4 27.4 27.4 27.4 27.4 27.4 27.4 27.4 27.4 27.4 27.4 27.4 27.4 27.4 27.4 27.4 27.4 27.4 27.4 27.4 27.4 27.4 27.4 27.4 27.4 27.4 27.4 27.4 27.4 27.4 27.4 27.4 27.4 27.4 27.4 27.4 27.4 27.4 27.4 27.4 27.4 27.4 27.4 27.4 27.4 27.4 27.4 27.4 27.4 27.4 27.4 27.4 27.4 27.4 27.4 27.4 27.4 27.4 27.4 27.4 27.4 27.4 27.4 27.4 27.4 27.4 
30.4 30.4 30.4 30.4 30.4 30.4 30.4 30.4 30.4 30.4 30.4 30.4 30.4 30.4 30.4 30.4 30.4 30.4 30.4 30.4 30.4 30.4 30.4 30.4 30.4 30.4 30.4 30.4 30.4 30.4 30.4 30.4 30.4 30.4 30.4 30.4 30.4 30.4 30.4 30.4 30.4 30.4 30.4 30.4 30.4 30.4 30.4 30.4 30.4 30.4 30.4 30.4 30.4 30.4 30.4 30.4 30.4 30.4 30.4 30.4 30.4 30.4 30.4 30.4 30.4 30.4 30.4 30.4 30.4 30.4 30.4 30.4 30.4 30.4 30.4 30.4 30.4 30.4 30.4 30.4 30.4 30.4 30.4 30.4 30.4 30.4 30.4 30.4 30.4 30.4 30.4 30.4 30.4 30.4 30.4 30.4 30.4 30.4 30.4 30.4 30.4 30.4 30.4 30.4 30.4 30.4 30.4 30.4 30.4 30.4 30.4 30.4 30.4 30.4 30.4 30.4 30.4 30.4 30.4 30.4 
47.3 47.3 47.3 47.3 47.3 47.3 47.3 47.3 47.3 47.3 47.3 47.3 47.3 47.3 47.3 47.3 47.3 47.3 47.3 47.3 47.3 47.3 47.3 47.3 47.3 47.3 47.3 47.3 47.3 47.3 47.3 47.3 47.3 47.3 47.3 47.3 47.3 47.3 47.3 47.3 47.3 47.3 47.3 47.3 47.3 47.3 47.3 47.3 47.3 47.3 47.3 47.3 47.3 47.3 47.3 47.3 47.3 47.3 47.3 47.3 47.3 47.3 47.3 47.3 47.3 47.3 47.3 47.3 47.3 47.3 47.3 47.3 47.3 47.3 47.3 47.3 47.3 47.3 47.3 47.3 47.3 47.3 47.3 47.3 47.3 47.3 47.3 47.3 47.3 47.3 47.3 47.3 47.3 47.3 47.3 47.3 47.3 47.3 47.3 47.3 47.3 47.3 47.3 47.3 47.3 47.3 47.3 47.3 47.3 47.3 47.3 47.3 47.3 47.3 47.3 47.3 47.3 47.3 47.3 47.3 
26 26 26 26 26 26 26 26 26 26 26 26 26 26 26 26 26 26 26 26 26 26 26 26 26 26 26 26 26 26 26 26 26 26 26 26 26 26 26 26 26 26 26 26 26 26 26 26 26 26 26 26 26 26 26 26 26 26 26 26 26 26 26 26 26 26 26 26 26 26 26 26 26 26 26 26 26 26 26 26 26 26 26 26 26 26 26 26 26 26 26 26 26 26 26 26 26 26 26 26 26 26 26 26 26 26 26 26 26 26 26 26 26 26 26 26 26 26 26 26 
26.7 26.7 26.7 26.7 26.7 26.7 26.7 26.7 26.7 26.7 26.7 26.7 26.7 26.7 26.7 26.7 26.7 26.7 26.7 26.7 26.7 26.7 26.7 26.7 26.7 26.7 26.7 26.7 26.7 26.7 26.7 26.7 26.7 26.7 26.7 26.7 26.7 26.7 26.7 26.7 26.7 26.7 26.7 26.7 26.7 26.7 26.7 26.7 26.7 26.7 26.7 26.7 26.7 26.7 26.7 26.7 26.7 26.7 26.7 26.7 26.7 26.7 26.7 26.7 26.7 26.7 26.7 26.7 26.7 26.7 26.7 26.7 26.7 26.7 26.7 26.7 26.7 26.7 26.7 26.7 26.7 26.7 26.7 26.7 26.7 26.7 26.7 26.7 26.7 26.7 26.7 26.7 26.7 26.7 26.7 26.7 26.7 26.7 26.7 26.7 26.7 26.7 26.7 26.7 26.7 26.7 26.7 26.7 26.7 26.7 26.7 26.7 26.7 26.7 26.7 26.7 26.7 26.7 26.7 26.7 
36.2 36.2 36.2 36.2 36.2 36.2 36.2 36.2 36.2 36.2 36.2 36.2 36.2 36.2 36.2 36.2 36.2 36.2 36.2 36.2 36.2 36.2 36.2 36.2 36.2 36.2 36.2 36.2 36.2 36.2 36.2 36.2 36.2 36.2 36.2 36.2 36.2 36.2 36.2 36.2 36.2 36.2 36.2 36.2 36.2 36.2 36.2 36.2 36.2 36.2 36.2 36.2 36.2 36.2 36.2 36.2 36.2 36.2 36.2 36.2 36.2 36.2 36.2 36.2 36.2 36.2 36.2 36.2 36.2 36.2 36.2 36.2 36.2 36.2 36.2 36.2 36.2 36.2 36.2 36.2 36.2 36.2 36.2 36.2 36.2 36.2 36.2 36.2 36.2 36.2 36.2 36.2 36.2 36.2 36.2 36.2 36.2 36.2 36.2 36.2 36.2 36.2 36.2 36.2 36.2 36.2 36.2 36.2 36.2 36.2 36.2 36.2 36.2 36.2 36.2 36.2 36.2 36.2 36.2 36.2 
25.2 25.2 25.2 25.2 25.2 25.2 25.2 25.2 25.2 25.2 25.2 25.2 25.2 25.2 25.2 25.2 25.2 25.2 25.2 25.2 25.2 25.2 25.2 25.2 25.2 25.2 25.2 25.2 25.2 25.2 25.2 25.2 25.2 25.2 25.2 25.2 25.2 25.2 25.2 25.2 25.2 25.2 25.2 25.2 25.2 25.2 25.2 25.2 25.2 25.2 25.2 25.2 25.2 25.2 25.2 25.2 25.2 25.2 25.2 25.2 25.2 25.2 25.2 25.2 25.2 25.2 25.2 25.2 25.2 25.2 25.2 25.2 25.2 25.2 25.2 25.2 25.2 25.2 25.2 25.2 25.2 25.2 25.2 25.2 25.2 25.2 25.2 25.2 25.2 25.2 25.2 25.2 25.2 25.2 25.2 25.2 25.2 25.2 25.2 25.2 25.2 25.2 25.2 25.2 25.2 25.2 25.2 25.2 25.2 25.2 25.2 25.2 25.2 25.2 25.2 25.2 25.2 25.2 25.2 25.2 
38.6 38.6 38.6 38.6 38.6 38.6 38.6 38.6 38.6 38.6 38.6 38.6 38.6 38.6 38.6 38.6 38.6 38.6 38.6 38.6 38.6 38.6 38.6 38.6 38.6 38.6 38.6 38.6 38.6 38.6 38.6 38.6 38.6 38.6 38.6 38.6 38.6 38.6 38.6 38.6 38.6 38.6 38.6 38.6 38.6 38.6 38.6 38.6 38.6 38.6 38.6 38.6 38.6 38.6 38.6 38.6 38.6 38.6 38.6 38.6 38.6 38.6 38.6 38.6 38.6 38.6 38.6 38.6 38.6 38.6 38.6 38.6 38.6 38.6 38.6 38.6 38.6 38.6 38.6 38.6 38.6 38.6 38.6 38.6 38.6 38.6 38.6 38.6 38.6 38.6 38.6 38.6 38.6 38.6 38.6 38.6 38.6 38.6 38.6 38.6 38.6 38.6 38.6 38.6 38.6 38.6 38.6 38.6 38.6 38.6 38.6 38.6 38.6 38.6 38.6 38.6 38.6 38.6 38.6 38.6 
46.9 46.9 46.9 46.9 46.9 46.9 46.9 46.9 46.9 46.9 46.9 46.9 46.9 46.9 46.9 46.9 46.9 46.9 46.9 46.9 46.9 46.9 46.9 46.9 46.9 46.9 46.9 46.9 46.9 46.9 46.9 46.9 46.9 46.9 46.9 46.9 46.9 46.9 46.9 46.9 46.9 46.9 46.9 46.9 46.9 46.9 46.9 46.9 46.9 46.9 46.9 46.9 46.9 46.9 46.9 46.9 46.9 46.9 46.9 46.9 46.9 46.9 46.9 46.9 46.9 46.9 46.9 46.9 46.9 46.9 46.9 46.9 46.9 46.9 46.9 46.9 46.9 46.9 46.9 46.9 46.9 46.9 46.9 46.9 46.9 46.9 46.9 46.9 46.9 46.9 46.9 46.9 46.9 46.9 46.9 46.9 46.9 46.9 46.9 46.9 46.9 46.9 46.9 46.9 46.9 46.9 46.9 46.9 46.9 46.9 46.9 46.9 46.9 46.9 46.9 46.9 46.9 46.9 46.9 46.9 
25.7 25.7 25.7 25.7 25.7 25.7 25.7 25.7 25.7 25.7 25.7 25.7 25.7 25.7 25.7 25.7 25.7 25.7 25.7 25.7 25.7 25.7 25.7 25.7 25.7 25.7 25.7 25.7 25.7 25.7 25.7 25.7 25.7 25.7 25.7 25.7 25.7 25.7 25.7 25.7 25.7 25.7 25.7 25.7 25.7 25.7 25.7 25.7 25.7 25.7 25.7 25.7 25.7 25.7 25.7 25.7 25.7 25.7 25.7 25.7 25.7 25.7 25.7 25.7 25.7 25.7 25.7 25.7 25.7 25.7 25.7 25.7 25.7 25.7 25.7 25.7 25.7 25.7 25.7 25.7 25.7 25.7 25.7 25.7 25.7 25.7 25.7 25.7 25.7 25.7 25.7 25.7 25.7 25.7 25.7 25.7 25.7 25.7 25.7 25.7 25.7 25.7 25.7 25.7 25.7 25.7 25.7 25.7 25.7 25.7 25.7 25.7 25.7 25.7 25.7 25.7 25.7 25.7 25.7 25.7 
27.4 27.4 27.4 27.4 27.4 27.4 27.4 27.4 27.4 27.4 27.4 27.4 27.4 27.4 27.4 27.4 27.4 27.4 27.4 27.4 27.4 27.4 27.4 27.4 27.4 27.4 27.4 27.4 27.4 27.4 27.4 27.4 27.4 27.4 27.4 27.4 27.4 27.4 27.4 27.4 27.4 27.4 27.4 27.4 27.4 27.4 27.4 27.4 27.4 27.4 27.4 27.4 27.4 27.4 27.4 27.4 27.4 27.4 27.4 27.4 27.4 27.4 27.4 27.4 27.4 27.4 27.4 27.4 27.4 27.4 27.4 27.4 27.4 27.4 27.4 27.4 27.4 27.4 27.4 27.4 27.4 27.4 27.4 27.4 27.4 27.4 27.4 27.4 27.4 27.4 27.4 27.4 27.4 27.4 27.4 27.4 27.4 27.4 27.4 27.4 27.4 27.4 27.4 27.4 27.4 27.4 27.4 27.4 27.4 27.4 27.4 27.4 27.4 27.4 27.4 27.4 27.4 27.4 27.4 27.4 
42.6 42.6 42.6 42.6 42.6 42.6 42.6 42.6 42.6 42.6 42.6 42.6 42.6 42.6 42.6 42.6 42.6 42.6 42.6 42.6 42.6 42.6 42.6 42.6 42.6 42.6 42.6 42.6 42.6 42.6 42.6 42.6 42.6 42.6 42.6 42.6 42.6 42.6 42.6 42.6 42.6 42.6 42.6 42.6 42.6 42.6 42.6 42.6 42.6 42.6 42.6 42.6 42.6 42.6 42.6 42.6 42.6 42.6 42.6 42.6 42.6 42.6 42.6 42.6 42.6 42.6 42.6 42.6 42.6 42.6 42.6 42.6 42.6 42.6 42.6 42.6 42.6 42.6 42.6 42.6 42.6 42.6 42.6 42.6 42.6 42.6 42.6 42.6 42.6 42.6 42.6 42.6 42.6 42.6 42.6 42.6 42.6 42.6 42.6 42.6 42.6 42.6 42.6 42.6 42.6 42.6 42.6 42.6 42.6 42.6 42.6 42.6 42.6 42.6 42.6 42.6 42.6 42.6 42.6 42.6 
27.1 27.1 27.1 27.1 27.1 27.1 27.1 27.1 27.1 27.1 27.1 27.1 27.1 27.1 27.1 27.1 27.1 27.1 27.1 27.1 27.1 27.1 27.1 27.1 27.1 27.1 27.1 27.1 27.1 27.1 27.1 27.1 27.1 27.1 27.1 27.1 27.1 27.1 27.1 27.1 27.1 27.1 27.1 27.1 27.1 27.1 27.1 27.1 27.1 27.1 27.1 27.1 27.1 27.1 27.1 27.1 27.1 27.1 27.1 27.1 27.1 27.1 27.1 27.1 27.1 27.1 27.1 27.1 27.1 27.1 27.1 27.1 27.1 27.1 27.1 27.1 27.1 27.1 27.1 27.1 27.1 27.1 27.1 27.1 27.1 27.1 27.1 27.1 27.1 27.1 27.1 27.1 27.1 27.1 27.1 27.1 27.1 27.1 27.1 27.1 27.1 27.1 27.1 27.1 27.1 27.1 27.1 27.1 27.1 27.1 27.1 27.1 27.1 27.1 27.1 27.1 27.1 27.1 27.1 27.1 
30.3 30.3 30.3 30.3 30.3 30.3 30.3 30.3 30.3 30.3 30.3 30.3 30.3 30.3 30.3 30.3 30.3 30.3 30.3 30.3 30.3 30.3 30.3 30.3 30.3 30.3 30.3 30.3 30.3 30.3 30.3 30.3 30.3 30.3 30.3 30.3 30.3 30.3 30.3 30.3 30.3 30.3 30.3 30.3 30.3 30.3 30.3 30.3 30.3 30.3 30.3 30.3 30.3 30.3 30.3 30.3 30.3 30.3 30.3 30.3 30.3 30.3 30.3 30.3 30.3 30.3 30.3 30.3 30.3 30.3 30.3 30.3 30.3 30.3 30.3 30.3 30.3 30.3 30.3 30.3 30.3 30.3 30.3 30.3 30.3 30.3 30.3 30.3 30.3 30.3 30.3 30.3 30.3 30.3 30.3 30.3 30.3 30.3 30.3 30.3 30.3 30.3 30.3 30.3 30.3 30.3 30.3 30.3 30.3 30.3 30.3 30.3 30.3 30.3 30.3 30.3 30.3 30.3 30.3 30.3 
45.8 45.8 45.8 45.8 45.8 45.8 45.8 45.8 45.8 45.8 45.8 45.8 45.8 45.8 45.8 45.8 45.8 45.8 45.8 45.8 45.8 45.8 45.8 45.8 45.8 45.8 45.8 45.8 45.8 45.8 45.8 45.8 45.8 45.8 45.8 45.8 45.8 45.8 45.8 45.8 45.8 45.8 45.8 45.8 45.8 45.8 45.8 45.8 45.8 45.8 45.8 45.8 45.8 45.8 45.8 45.8 45.8 45.8 45.8 45.8 45.8 45.8 45.8 45.8 45.8 45.8 45.8 45.8 45.8 45.8 45.8 45.8 45.8 45.8 45.8 45.8 45.8 45.8 45.8 45.8 45.8 45.8 45.8 45.8 45.8 45.8 45.8 45.8 45.8 45.8 45.8 45.8 45.8 45.8 45.8 45.8 45.8 45.8 45.8 45.8 45.8 45.8 45.8 45.8 45.8 45.8 45.8 45.8 45.8 45.8 45.8 45.8 45.8 45.8 45.8 45.8 45.8 45.8 45.8 45.8 
25.5 25.5 25.5 25.5 25.5 25.5 25.5 25.5 25.5 25.5 25.5 25.5 25.5 25.5 25.5 25.5 25.5 25.5 25.5 25.5 25.5 25.5 25.5 25.5 25.5 25.5 25.5 25.5 25.5 25.5 25.5 25.5 25.5 25.5 25.5 25.5 25.5 25.5 25.5 25.5 25.5 25.5 25.5 25.5 25.5 25.5 25.5 25.5 25.5 25.5 25.5 25.5 25.5 25.5 25.5 25.5 25.5 25.5 25.5 25.5 25.5 25.5 25.5 25.5 25.5 25.5 25.5 25.5 25.5 25.5 25.5 25.5 25.5 25.5 25.5 25.5 25.5 25.5 25.5 25.5 25.5 25.5 25.5 25.5 25.5 25.5 25.5 25.5 25.5 25.5 25.5 25.5 25.5 25.5 25.5 25.5 25.5 25.5 25.5 25.5 25.5 25.5 25.5 25.5 25.5 25.5 25.5 25.5 25.5 25.5 25.5 25.5 25.5 25.5 25.5 25.5 25.5 25.5 25.5 25.5 
28.7 28.7 28.7 28.7 28.7 28.7 28.7 28.7 28.7 28.7 28.7 28.7 28.7 28.7 28.7 28.7 28.7 28.7 28.7 28.7 28.7 28.7 28.7 28.7 28.7 28.7 28.7 28.7 28.7 28.7 28.7 28.7 28.7 28.7 28.7 28.7 28.7 28.7 28.7 28.7 28.7 28.7 28.7 28.7 28.7 28.7 28.7 28.7 28.7 28.7 28.7 28.7 28.7 28.7 28.7 28.7 28.7 28.7 28.7 28.7 28.7 28.7 28.7 28.7 28.7 28.7 28.7 28.7 28.7 28.7 28.7 28.7 28.7 28.7 28.7 28.7 28.7 28.7 28.7 28.7 28.7 28.7 28.7 28.7 28.7 28.7 28.7 28.7 28.7 28.7 28.7 28.7 28.7 28.7 28.7 28.7 28.7 28.7 28.7 28.7 28.7 28.7 28.7 28.7 28.7 28.7 28.7 28.7 28.7 28.7 28.7 28.7 28.7 28.7 28.7 28.7 28.7 28.7 28.7 28.7 
37.3 37.3 37.3 37.3 37.3 37.3 37.3 37.3 37.3 37.3 37.3 37.3 37.3 37.3 37.3 37.3 37.3 37.3 37.3 37.3 37.3 37.3 37.3 37.3 37.3 37.3 37.3 37.3 37.3 37.3 37.3 37.3 37.3 37.3 37.3 37.3 37.3 37.3 37.3 37.3 37.3 37.3 37.3 37.3 37.3 37.3 37.3 37.3 37.3 37.3 37.3 37.3 37.3 37.3 37.3 37.3 37.3 37.3 37.3 37.3 37.3 37.3 37.3 37.3 37.3 37.3 37.3 37.3 37.3 37.3 37.3 37.3 37.3 37.3 37.3 37.3 37.3 37.3 37.3 37.3 37.3 37.3 37.3 37.3 37.3 37.3 37.3 37.3 37.3 37.3 37.3 37.3 37.3 37.3 37.3 37.3 37.3 37.3 37.3 37.3 37.3 37.3 37.3 37.3 37.3 37.3 37.3 37.3 37.3 37.3 37.3 37.3 37.3 37.3 37.3 37.3 37.3 37.3 37.3 37.3 
26.2 26.2 26.2 26.2 26.2 26.2 26.2 26.2 26.2 26.2 26.2 26.2 26.2 26.2 26.2 26.2 26.2 26.2 26.2 26.2 26.2 26.2 26.2 26.2 26.2 26.2 26.2 26.2 26.2 26.2 26.2 26.2 26.2 26.2 26.2 26.2 26.2 26.2 26.2 26.2 26.2 26.2 26.2 26.2 26.2 26.2 26.2 26.2 26.2 26.2 26.2 26.2 26.2 26.2 26.2 26.2 26.2 26.2 26.2 26.2 26.2 26.2 26.2 26.2 26.2 26.2 26.2 26.2 26.2 26.2 26.2 26.2 26.2 26.2 26.2 26.2 26.2 26.2 26.2 26.2 26.2 26.2 26.2 26.2 26.2 26.2 26.2 26.2 26.2 26.2 26.2 26.2 26.2 26.2 26.2 26.2 26.2 26.2 26.2 26.2 26.2 26.2 26.2 26.2 26.2 26.2 26.2 26.2 26.2 26.2 26.2 26.2 26.2 26.2 26.2 26.2 26.2 26.2 26.2 26.2 
36.5 36.5 36.5 36.5 36.5 36.5 36.5 36.5 36.5 36.5 36.5 36.5 36.5 36.5 36.5 36.5 36.5 36.5 36.5 36.5 36.5 36.5 36.5 36.5 36.5 36.5 36.5 36.5 36.5 36.5 36.5 36.5 36.5 36.5 36.5 36.5 36.5 36.5 36.5 36.5 36.5 36.5 36.5 36.5 36.5 36.5 36.5 36.5 36.5 36.5 36.5 36.5 36.5 36.5 36.5 36.5 36.5 36.5 36.5 36.5 36.5 36.5 36.5 36.5 36.5 36.5 36.5 36.5 36.5 36.5 36.5 36.5 36.5 36.5 36.5 36.5 36.5 36.5 36.5 36.5 36.5 36.5 36.5 36.5 36.5 36.5 36.5 36.5 36.5 36.5 36.5 36.5 36.5 36.5 36.5 36.5 36.5 36.5 36.5 36.5 36.5 36.5 36.5 36.5 36.5 36.5 36.5 36.5 36.5 36.5 36.5 36.5 36.5 36.5 36.5 36.5 36.5 36.5 36.5 36.5 
38.7 38.7 38.7 38.7 38.7 38.7 38.7 38.7 38.7 38.7 38.7 38.7 38.7 38.7 38.7 38.7 38.7 38.7 38.7 38.7 38.7 38.7 38.7 38.7 38.7 38.7 38.7 38.7 38.7 38.7 38.7 38.7 38.7 38.7 38.7 38.7 38.7 38.7 38.7 38.7 38.7 38.7 38.7 38.7 38.7 38.7 38.7 38.7 38.7 38.7 38.7 38.7 38.7 38.7 38.7 38.7 38.7 38.7 38.7 38.7 38.7 38.7 38.7 38.7 38.7 38.7 38.7 38.7 38.7 38.7 38.7 38.7 38.7 38.7 38.7 38.7 38.7 38.7 38.7 38.7 38.7 38.7 38.7 38.7 38.7 38.7 38.7 38.7 38.7 38.7 38.7 38.7 38.7 38.7 38.7 38.7 38.7 38.7 38.7 38.7 38.7 38.7 38.7 38.7 38.7 38.7 38.7 38.7 38.7 38.7 38.7 38.7 38.7 38.7 38.7 38.7 38.7 38.7 38.7 38.7 
27.6 27.6 27.6 27.6 27.6 27.6 27.6 27.6 27.6 27.6 27.6 27.6 27.6 27.6 27.6 27.6 27.6 27.6 27.6 27.6 27.6 27.6 27.6 27.6 27.6 27.6 27.6 27.6 27.6 27.6 27.6 27.6 27.6 27.6 27.6 27.6 27.6 27.6 27.6 27.6 27.6 27.6 27.6 27.6 27.6 27.6 27.6 27.6 27.6 27.6 27.6 27.6 27.6 27.6 27.6 27.6 27.6 27.6 27.6 27.6 27.6 27.6 27.6 27.6 27.6 27.6 27.6 27.6 27.6 27.6 27.6 27.6 27.6 27.6 27.6 27.6 27.6 27.6 27.6 27.6 27.6 27.6 27.6 27.6 27.6 27.6 27.6 27.6 27.6 27.6 27.6 27.6 27.6 27.6 27.6 27.6 27.6 27.6 27.6 27.6 27.6 27.6 27.6 27.6 27.6 27.6 27.6 27.6 27.6 27.6 27.6 27.6 27.6 27.6 27.6 27.6 27.6 27.6 27.6 27.6 
33.7 33.7 33.7 33.7 33.7 33.7 33.7 33.7 33.7 33.7 33.7 33.7 33.7 33.7 33.7 33.7 33.7 33.7 33.7 33.7 33.7 33.7 33.7 33.7 33.7 33.7 33.7 33.7 33.7 33.7 33.7 33.7 33.7 33.7 33.7 33.7 33.7 33.7 33.7 33.7 33.7 33.7 33.7 33.7 33.7 33.7 33.7 33.7 33.7 33.7 33.7 33.7 33.7 33.7 33.7 33.7 33.7 33.7 33.7 33.7 33.7 33.7 33.7 33.7 33.7 33.7 33.7 33.7 33.7 33.7 33.7 33.7 33.7 33.7 33.7 33.7 33.7 33.7 33.7 33.7 33.7 33.7 33.7 33.7 33.7 33.7 33.7 33.7 33.7 33.7 33.7 33.7 33.7 33.7 33.7 33.7 33.7 33.7 33.7 33.7 33.7 33.7 33.7 33.7 33.7 33.7 33.7 33.7 33.7 33.7 33.7 33.7 33.7 33.7 33.7 33.7 33.7 33.7 33.7 33.7 
36.2 36.2 36.2 36.2 36.2 36.2 36.2 36.2 36.2 36.2 36.2 36.2 36.2 36.2 36.2 36.2 36.2 36.2 36.2 36.2 36.2 36.2 36.2 36.2 36.2 36.2 36.2 36.2 36.2 36.2 36.2 36.2 36.2 36.2 36.2 36.2 36.2 36.2 36.2 36.2 36.2 36.2 36.2 36.2 36.2 36.2 36.2 36.2 36.2 36.2 36.2 36.2 36.2 36.2 36.2 36.2 36.2 36.2 36.2 36.2 36.2 36.2 36.2 36.2 36.2 36.2 36.2 36.2 36.2 36.2 36.2 36.2 36.2 36.2 36.2 36.2 36.2 36.2 36.2 36.2 36.2 36.2 36.2 36.2 36.2 36.2 36.2 36.2 36.2 36.2 36.2 36.2 36.2 36.2 36.2 36.2 36.2 36.2 36.2 36.2 36.2 36.2 36.2 36.2 36.2 36.2 36.2 36.2 36.2 36.2 36.2 36.2 36.2 36.2 36.2 36.2 36.2 36.2 36.2 36.2 
30.5 30.5 30.5 30.5 30.5 30.5 30.5 30.5 30.5 30.5 30.5 30.5 30.5 30.5 30.5 30.5 30.5 30.5 30.5 30.5 30.5 30.5 30.5 30.5 30.5 30.5 30.5 30.5 30.5 30.5 30.5 30.5 30.5 30.5 30.5 30.5 30.5 30.5 30.5 30.5 30.5 30.5 30.5 30.5 30.5 30.5 30.5 30.5 30.5 30.5 30.5 30.5 30.5 30.5 30.5 30.5 30.5 30.5 30.5 30.5 30.5 30.5 30.5 30.5 30.5 30.5 30.5 30.5 30.5 30.5 30.5 30.5 30.5 30.5 30.5 30.5 30.5 30.5 30.5 30.5 30.5 30.5 30.5 30.5 30.5 30.5 30.5 30.5 30.5 30.5 30.5 30.5 30.5 30.5 30.5 30.5 30.5 30.5 30.5 30.5 30.5 30.5 30.5 30.5 30.5 30.5 30.5 30.5 30.5 30.5 30.5 30.5 30.5 30.5 30.5 30.5 30.5 30.5 30.5 30.5 
33.3 33.3 33.3 33.3 33.3 33.3 33.3 33.3 33.3 33.3 33.3 33.3 33.3 33.3 33.3 33.3 33.3 33.3 33.3 33.3 33.3 33.3 33.3 33.3 33.3 33.3 33.3 33.3 33.3 33.3 33.3 33.3 33.3 33.3 33.3 33.3 33.3 33.3 33.3 33.3 33.3 33.3 33.3 33.3 33.3 33.3 33.3 33.3 33.3 33.3 33.3 33.3 33.3 33.3 33.3 33.3 33.3 33.3 33.3 33.3 33.3 33.3 33.3 33.3 33.3 33.3 33.3 33.3 33.3 33.3 33.3 33.3 33.3 33.3 33.3 33.3 33.3 33.3 33.3 33.3 33.3 33.3 33.3 33.3 33.3 33.3 33.3 33.3 33.3 33.3 33.3 33.3 33.3 33.3 33.3 33.3 33.3 33.3 33.3 33.3 33.3 33.3 33.3 33.3 33.3 33.3 33.3 33.3 33.3 33.3 33.3 33.3 33.3 33.3 33.3 33.3 33.3 33.3 33.3 33.3 
44.3 44.3 44.3 44.3 44.3 44.3 44.3 44.3 44.3 44.3 44.3 44.3 44.3 44.3 44.3 44.3 44.3 44.3 44.3 44.3 44.3 44.3 44.3 44.3 44.3 44.3 44.3 44.3 44.3 44.3 44.3 44.3 44.3 44.3 44.3 44.3 44.3 44.3 44.3 44.3 44.3 44.3 44.3 44.3 44.3 44.3 44.3 44.3 44.3 44.3 44.3 44.3 44.3 44.3 44.3 44.3 44.3 44.3 44.3 44.3 44.3 44.3 44.3 44.3 44.3 44.3 44.3 44.3 44.3 44.3 44.3 44.3 44.3 44.3 44.3 44.3 44.3 44.3 44.3 44.3 44.3 44.3 44.3 44.3 44.3 44.3 44.3 44.3 44.3 44.3 44.3 44.3 44.3 44.3 44.3 44.3 44.3 44.3 44.3 44.3 44.3 44.3 44.3 44.3 44.3 44.3 44.3 44.3 44.3 44.3 44.3 44.3 44.3 44.3 44.3 44.3 44.3 44.3 44.3 44.3 
25.5 25.5 25.5 25.5 25.5 25.5 25.5 25.5 25.5 25.5 25.5 25.5 25.5 25.5 25.5 25.5 25.5 25.5 25.5 25.5 25.5 25.5 25.5 25.5 25.5 25.5 25.5 25.5 25.5 25.5 25.5 25.5 25.5 25.5 25.5 25.5 25.5 25.5 25.5 25.5 25.5 25.5 25.5 25.5 25.5 25.5 25.5 25.5 25.5 25.5 25.5 25.5 25.5 25.5 25.5 25.5 25.5 25.5 25.5 25.5 25.5 25.5 25.5 25.5 25.5 25.5 25.5 25.5 25.5 25.5 25.5 25.5 25.5 25.5 25.5 25.5 25.5 25.5 25.5 25.5 25.5 25.5 25.5 25.5 25.5 25.5 25.5 25.5 25.5 25.5 25.5 25.5 25.5 25.5 25.5 25.5 25.5 25.5 25.5 25.5 25.5 25.5 25.5 25.5 25.5 25.5 25.5 25.5 25.5 25.5 25.5 25.5 25.5 25.5 25.5 25.5 25.5 25.5 25.5 25.5 
30.2 30.2 30.2 30.2 30.2 30.2 30.2 30.2 30.2 30.2 30.2 30.2 30.2 30.2 30.2 30.2 30.2 30.2 30.2 30.2 30.2 30.2 30.2 30.2 30.2 30.2 30.2 30.2 30.2 30.2 30.2 30.2 30.2 30.2 30.2 30.2 30.2 30.2 30.2 30.2 30.2 30.2 30.2 30.2 30.2 30.2 30.2 30.2 30.2 30.2 30.2 30.2 30.2 30.2 30.2 30.2 30.2 30.2 30.2 30.2 30.2 30.2 30.2 30.2 30.2 30.2 30.2 30.2 30.2 30.2 30.2 30.2 30.2 30.2 30.2 30.2 30.2 30.2 30.2 30.2 30.2 30.2 30.2 30.2 30.2 30.2 30.2 30.2 30.2 30.2 30.2 30.2 30.2 30.2 30.2 30.2 30.2 30.2 30.2 30.2 30.2 30.2 30.2 30.2 30.2 30.2 30.2 30.2 30.2 30.2 30.2 30.2 30.2 30.2 30.2 30.2 30.2 30.2 30.2 30.2 
40.8 40.8 40.8 40.8 40.8 40.8 40.8 40.8 40.8 40.8 40.8 40.8 40.8 40.8 40.8 40.8 40.8 40.8 40.8 40.8 40.8 40.8 40.8 40.8 40.8 40.8 40.8 40.8 40.8 40.8 40.8 40.8 40.8 40.8 40.8 40.8 40.8 40.8 40.8 40.8 40.8 40.8 40.8 40.8 40.8 40.8 40.8 40.8 40.8 40.8 40.8 40.8 40.8 40.8 40.8 40.8 40.8 40.8 40.8 40.8 40.8 40.8 40.8 40.8 40.8 40.8 40.8 40.8 40.8 40.8 40.8 40.8 40.8 40.8 40.8 40.8 40.8 40.8 40.8 40.8 40.8 40.8 40.8 40.8 40.8 40.8 40.8 40.8 40.8 40.8 40.8 40.8 40.8 40.8 40.8 40.8 40.8 40.8 40.8 40.8 40.8 40.8 40.8 40.8 40.8 40.8 40.8 40.8 40.8 40.8 40.8 40.8 40.8 40.8 40.8 40.8 40.8 40.8 40.8 40.8 
27 27 27 27 27 27 27 27 27 27 27 27 27 27 27 27 27 27 27 27 27 27 27 27 27 27 27 27 27 27 27 27 27 27 27 27 27 27 27 27 27 27 27 27 27 27 27 27 27 27 27 27 27 27 27 27 27 27 27 27 27 27 27 27 27 27 27 27 27 27 27 27 27 27 27 27 27 27 27 27 27 27 27 27 27 27 27 27 27 27 27 27 27 27 27 27 27 27 27 27 27 27 27 27 27 27 27 27 27 27 27 27 27 27 27 27 27 27 27 27 
32.2 32.2 32.2 32.2 32.2 32.2 32.2 32.2 32.2 32.2 32.2 32.2 32.2 32.2 32.2 32.2 32.2 32.2 32.2 32.2 32.2 32.2 32.2 32.2 32.2 32.2 32.2 32.2 32.2 32.2 32.2 32.2 32.2 32.2 32.2 32.2 32.2 32.2 32.2 32.2 32.2 32.2 32.2 32.2 32.2 32.2 32.2 32.2 32.2 32.2 32.2 32.2 32.2 32.2 32.2 32.2 32.2 32.2 32.2 32.2 32.2 32.2 32.2 32.2 32.2 32.2 32.2 32.2 32.2 32.2 32.2 32.2 32.2 32.2 32.2 32.2 32.2 32.2 32.2 32.2 32.2 32.2 32.2 32.2 32.2 32.2 32.2 32.2 32.2 32.2 32.2 32.2 32.2 32.2 32.2 32.2 32.2 32.2 32.2 32.2 32.2 32.2 32.2 32.2 32.2 32.2 32.2 32.2 32.2 32.2 32.2 32.2 32.2 32.2 32.2 32.2 32.2 32.2 32.2 32.2 
37.8 37.8 37.8 37.8 37.8 37.8 37.8 37.8 37.8 37.8 37.8 37.8 37.8 37.8 37.8 37.8 37.8 37.8 37.8 37.8 37.8 37.8 37.8 37.8 37.8 37.8 37.8 37.8 37.8 37.8 37.8 37.8 37.8 37.8 37.8 37.8 37.8 37.8 37.8 37.8 37.8 37.8 37.8 37.8 37.8 37.8 37.8 37.8 37.8 37.8 37.8 37.8 37.8 37.8 37.8 37.8 37.8 37.8 37.8 37.8 37.8 37.8 37.8 37.8 37.8 37.8 37.8 37.8 37.8 37.8 37.8 37.8 37.8 37.8 37.8 37.8 37.8 37.8 37.8 37.8 37.8 37.8 37.8 37.8 37.8 37.8 37.8 37.8 37.8 37.8 37.8 37.8 37.8 37.8 37.8 37.8 37.8 37.8 37.8 37.8 37.8 37.8 37.8 37.8 37.8 37.8 37.8 37.8 37.8 37.8 37.8 37.8 37.8 37.8 37.8 37.8 37.8 37.8 37.8 37.8 
29.2 29.2 29.2 29.2 29.2 29.2 29.2 29.2 29.2 29.2 29.2 29.2 29.2 29.2 29.2 29.2 29.2 29.2 29.2 29.2 29.2 29.2 29.2 29.2 29.2 29.2 29.2 29.2 29.2 29.2 29.2 29.2 29.2 29.2 29.2 29.2 29.2 29.2 29.2 29.2 29.2 29.2 29.2 29.2 29.2 29.2 29.2 29.2 29.2 29.2 29.2 29.2 29.2 29.2 29.2 29.2 29.2 29.2 29.2 29.2 29.2 29.2 29.2 29.2 29.2 29.2 29.2 29.2 29.2 29.2 29.2 29.2 29.2 29.2 29.2 29.2 29.2 29.2 29.2 29.2 29.2 29.2 29.2 29.2 29.2 29.2 29.2 29.2 29.2 29.2 29.2 29.2 29.2 29.2 29.2 29.2 29.2 29.2 29.2 29.2 29.2 29.2 29.2 29.2 29.2 29.2 29.2 29.2 29.2 29.2 29.2 29.2 29.2 29.2 29.2 29.2 29.2 29.2 29.2 29.2 
33 33 33 33 33 33 33 33 33 33 33 33 33 33 33 33 33 33 33 33 33 33 33 33 33 33 33 33 33 33 33 33 33 33 33 33 33 33 33 33 33 33 33 33 33 33 33 33 33 33 33 33 33 33 33 33 33 33 33 33 33 33 33 33 33 33 33 33 33 33 33 33 33 33 33 33 33 33 33 33 33 33 33 33 33 33 33 33 33 33 33 33 33 33 33 33 33 33 33 33 33 33 33 33 33 33 33 33 33 33 33 33 33 33 33 33 33 33 33 33 
47.2 47.2 47.2 47.2 47.2 47.2 47.2 47.2 47.2 47.2 47.2 47.2 47.2 47.2 47.2 47.2 47.2 47.2 47.2 47.2 47.2 47.2 47.2 47.2 47.2 47.2 47.2 47.2 47.2 47.2 47.2 47.2 47.2 47.2 47.2 47.2 47.2 47.2 47.2 47.2 47.2 47.2 47.2 47.2 47.2 47.2 47.2 47.2 47.2 47.2 47.2 47.2 47.2 47.2 47.2 47.2 47.2 47.2 47.2 47.2 47.2 47.2 47.2 47.2 47.2 47.2 47.2 47.2 47.2 47.2 47.2 47.2 47.2 47.2 47.2 47.2 47.2 47.2 47.2 47.2 47.2 47.2 47.2 47.2 47.2 47.2 47.2 47.2 47.2 47.2 47.2 47.2 47.2 47.2 47.2 47.2 47.2 47.2 47.2 47.2 47.2 47.2 47.2 47.2 47.2 47.2 47.2 47.2 47.2 47.2 47.2 47.2 47.2 47.2 47.2 47.2 47.2 47.2 47.2 47.2 
25.1 25.1 25.1 25.1 25.1 25.1 25.1 25.1 25.1 25.1 25.1 25.1 25.1 25.1 25.1 25.1 25.1 25.1 25.1 25.1 25.1 25.1 25.1 25.1 25.1 25.1 25.1 25.1 25.1 25.1 25.1 25.1 25.1 25.1 25.1 25.1 25.1 25.1 25.1 25.1 25.1 25.1 25.1 25.1 25.1 25.1 25.1 25.1 25.1 25.1 25.1 25.1 25.1 25.1 25.1 25.1 25.1 25.1 25.1 25.1 25.1 25.1 25.1 25.1 25.1 25.1 25.1 25.1 25.1 25.1 25.1 25.1 25.1 25.1 25.1 25.1 25.1 25.1 25.1 25.1 25.1 25.1 25.1 25.1 25.1 25.1 25.1 25.1 25.1 25.1 25.1 25.1 25.1 25.1 25.1 25.1 25.1 25.1 25.1 25.1 25.1 25.1 25.1 25.1 25.1 25.1 25.1 25.1 25.1 25.1 25.1 25.1 25.1 25.1 25.1 25.1 25.1 25.1 25.1 25.1 
27.7 27.7 27.7 27.7 27.7 27.7 27.7 27.7 27.7 27.7 27.7 27.7 27.7 27.7 27.7 27.7 27.7 27.7 27.7 27.7 27.7 27.7 27.7 27.7 27.7 27.7 27.7 27.7 27.7 27.7 27.7 27.7 27.7 27.7 27.7 27.7 27.7 27.7 27.7 27.7 27.7 27.7 27.7 27.7 27.7 27.7 27.7 27.7 27.7 27.7 27.7 27.7 27.7 27.7 27.7 27.7 27.7 27.7 27.7 27.7 27.7 27.7 27.7 27.7 27.7 27.7 27.7 27.7 27.7 27.7 27.7 27.7 27.7 27.7 27.7 27.7 27.7 27.7 27.7 27.7 27.7 27.7 27.7 27.7 27.7 27.7 27.7 27.7 27.7 27.7 27.7 27.7 27.7 27.7 27.7 27.7 27.7 27.7 27.7 27.7 27.7 27.7 27.7 27.7 27.7 27.7 27.7 27.7 27.7 27.7 27.7 27.7 27.7 27.7 27.7 27.7 27.7 27.7 27.7 27.7 
48.3 48.3 48.3 48.3 48.3 48.3 48.3 48.3 48.3 48.3 48.3 48.3 48.3 48.3 48.3 48.3 48.3 48.3 48.3 48.3 48.3 48.3 48.3 48.3 48.3 48.3 48.3 48.3 48.3 48.3 48.3 48.3 48.3 48.3 48.3 48.3 48.3 48.3 48.3 48.3 48.3 48.3 48.3 48.3 48.3 48.3 48.3 48.3 48.3 48.3 48.3 48.3 48.3 48.3 48.3 48.3 48.3 48.3 48.3 48.3 48.3 48.3 48.3 48.3 48.3 48.3 48.3 48.3 48.3 48.3 48.3 48.3 48.3 48.3 48.3 48.3 48.3 48.3 48.3 48.3 48.3 48.3 48.3 48.3 48.3 48.3 48.3 48.3 48.3 48.3 48.3 48.3 48.3 48.3 48.3 48.3 48.3 48.3 48.3 48.3 48.3 48.3 48.3 48.3 48.3 48.3 48.3 48.3 48.3 48.3 48.3 48.3 48.3 48.3 48.3 48.3 48.3 48.3 48.3 48.3 
25.1 25.1 25.1 25.1 25.1 25.1 25.1 25.1 25.1 25.1 25.1 25.1 25.1 25.1 25.1 25.1 25.1 25.1 25.1 25.1 25.1 25.1 25.1 25.1 25.1 25.1 25.1 25.1 25.1 25.1 25.1 25.1 25.1 25.1 25.1 25.1 25.1 25.1 25.1 25.1 25.1 25.1 25.1 25.1 25.1 25.1 25.1 25.1 25.1 25.1 25.1 25.1 25.1 25.1 25.1 25.1 25.1 25.1 25.1 25.1 25.1 25.1 25.1 25.1 25.1 25.1 25.1 25.1 25.1 25.1 25.1 25.1 25.1 25.1 25.1 25.1 25.1 25.1 25.1 25.1 25.1 25.1 25.1 25.1 25.1 25.1 25.1 25.1 25.1 25.1 25.1 25.1 25.1 25.1 25.1 25.1 25.1 25.1 25.1 25.1 25.1 25.1 25.1 25.1 25.1 25.1 25.1 25.1 25.1 25.1 25.1 25.1 25.1 25.1 25.1 25.1 25.1 25.1 25.1 25.1 
26.6 26.6 26.6 26.6 26.6 26.6 26.6 26.6 26.6 26.6 26.6 26.6 26.6 26.6 26.6 26.6 26.6 26.6 26.6 26.6 26.6 26.6 26.6 26.6 26.6 26.6 26.6 26.6 26.6 26.6 26.6 26.6 26.6 26.6 26.6 26.6 26.6 26.6 26.6 26.6 26.6 26.6 26.6 26.6 26.6 26.6 26.6 26.6 26.6 26.6 26.6 26.6 26.6 26.6 26.6 26.6 26.6 26.6 26.6 26.6 26.6 26.6 26.6 26.6 26.6 26.6 26.6 26.6 26.6 26.6 26.6 26.6 26.6 26.6 26.6 26.6 26.6 26.6 26.6 26.6 26.6 26.6 26.6 26.6 26.6 26.6 26.6 26.6 26.6 26.6 26.6 26.6 26.6 26.6 26.6 26.6 26.6 26.6 26.6 26.6 26.6 26.6 26.6 26.6 26.6 26.6 26.6 26.6 26.6 26.6 26.6 26.6 26.6 26.6 26.6 26.6 26.6 26.6 26.6 26.6 
38.7 38.7 38.7 38.7 38.7 38.7 38.7 38.7 38.7 38.7 38.7 38.7 38.7 38.7 38.7 38.7 38.7 38.7 38.7 38.7 38.7 38.7 38.7 38.7 38.7 38.7 38.7 38.7 38.7 38.7 38.7 38.7 38.7 38.7 38.7 38.7 38.7 38.7 38.7 38.7 38.7 38.7 38.7 38.7 38.7 38.7 38.7 38.7 38.7 38.7 38.7 38.7 38.7 38.7 38.7 38.7 38.7 38.7 38.7 38.7 38.7 38.7 38.7 38.7 38.7 38.7 38.7 38.7 38.7 38.7 38.7 38.7 38.7 38.7 38.7 38.7 38.7 38.7 38.7 38.7 38.7 38.7 38.7 38.7 38.7 38.7 38.7 38.7 38.7 38.7 38.7 38.7 38.7 38.7 38.7 38.7 38.7 38.7 38.7 38.7 38.7 38.7 38.7 38.7 38.7 38.7 38.7 38.7 38.7 38.7 38.7 38.7 38.7 38.7 38.7 38.7 38.7 38.7 38.7 38.7 
27.9 27.9 27.9 27.9 27.9 27.9 27.9 27.9 27.9 27.9 27.9 27.9 27.9 27.9 27.9 27.9 27.9 27.9 27.9 27.9 27.9 27.9 27.9 27.9 27.9 27.9 27.9 27.9 27.9 27.9 27.9 27.9 27.9 27.9 27.9 27.9 27.9 27.9 27.9 27.9 27.9 27.9 27.9 27.9 27.9 27.9 27.9 27.9 27.9 27.9 27.9 27.9 27.9 27.9 27.9 27.9 27.9 27.9 27.9 27.9 27.9 27.9 27.9 27.9 27.9 27.9 27.9 27.9 27.9 27.9 27.9 27.9 27.9 27.9 27.9 27.9 27.9 27.9 27.9 27.9 27.9 27.9 27.9 27.9 27.9 27.9 27.9 27.9 27.9 27.9 27.9 27.9 27.9 27.9 27.9 27.9 27.9 27.9 27.9 27.9 27.9 27.9 27.9 27.9 27.9 27.9 27.9 27.9 27.9 27.9 27.9 27.9 27.9 27.9 27.9 27.9 27.9 27.9 27.9 27.9 
33.4 33.4 33.4 33.4 33.4 33.4 33.4 33.4 33.4 33.4 33.4 33.4 33.4 33.4 33.4 33.4 33.4 33.4 33.4 33.4 33.4 33.4 33.4 33.4 33.4 33.4 33.4 33.4 33.4 33.4 33.4 33.4 33.4 33.4 33.4 33.4 33.4 33.4 33.4 33.4 33.4 33.4 33.4 33.4 33.4 33.4 33.4 33.4 33.4 33.4 33.4 33.4 33.4 33.4 33.4 33.4 33.4 33.4 33.4 33.4 33.4 33.4 33.4 33.4 33.4 33.4 33.4 33.4 33.4 33.4 33.4 33.4 33.4 33.4 33.4 33.4 33.4 33.4 33.4 33.4 33.4 33.4 33.4 33.4 33.4 33.4 33.4 33.4 33.4 33.4 33.4 33.4 33.4 33.4 33.4 33.4 33.4 33.4 33.4 33.4 33.4 33.4 33.4 33.4 33.4 33.4 33.4 33.4 33.4 33.4 33.4 33.4 33.4 33.4 33.4 33.4 33.4 33.4 33.4 33.4 
40.4 40.4 40.4 40.4 40.4 40.4 40.4 40.4 40.4 40.4 40.4 40.4 40.4 40.4 40.4 40.4 40.4 40.4 40.4 40.4 40.4 40.4 40.4 40.4 40.4 40.4 40.4 40.4 40.4 40.4 40.4 40.4 40.4 40.4 40.4 40.4 40.4 40.4 40.4 40.4 40.4 40.4 40.4 40.4 40.4 40.4 40.4 40.4 40.4 40.4 40.4 40.4 40.4 40.4 40.4 40.4 40.4 40.4 40.4 40.4 40.4 40.4 40.4 40.4 40.4 40.4 40.4 40.4 40.4 40.4 40.4 40.4 40.4 40.4 40.4 40.4 40.4 40.4 40.4 40.4 40.4 40.4 40.4 40.4 40.4 40.4 40.4 40.4 40.4 40.4 40.4 40.4 40.4 40.4 40.4 40.4 40.4 40.4 40.4 40.4 40.4 40.4 40.4 40.4 40.4 40.4 40.4 40.4 40.4 40.4 40.4 40.4 40.4 40.4 40.4 40.4 40.4 40.4 40.4 40.4 
26.4 26.4 26.4 26.4 26.4 26.4 26.4 26.4 26.4 26.4 26.4 26.4 26.4 26.4 26.4 26.4 26.4 26.4 26.4 26.4 26.4 26.4 26.4 26.4 26.4 26.4 26.4 26.4 26.4 26.4 26.4 26.4 26.4 26.4 26.4 26.4 26.4 26.4 26.4 26.4 26.4 26.4 26.4 26.4 26.4 26.4 26.4 26.4 26.4 26.4 26.4 26.4 26.4 26.4 26.4 26.4 26.4 26.4 26.4 26.4 26.4 26.4 26.4 26.4 26.4 26.4 26.4 26.4 26.4 26.4 26.4 26.4 26.4 26.4 26.4 26.4 26.4 26.4 26.4 26.4 26.4 26.4 26.4 26.4 26.4 26.4 26.4 26.4 26.4 26.4 26.4 26.4 26.4 26.4 26.4 26.4 26.4 26.4 26.4 26.4 26.4 26.4 26.4 26.4 26.4 26.4 26.4 26.4 26.4 26.4 26.4 26.4 26.4 26.4 26.4 26.4 26.4 26.4 26.4 26.4 
33.2 33.2 33.2 33.2 33.2 33.2 33.2 33.2 33.2 33.2 33.2 33.2 33.2 33.2 33.2 33.2 33.2 33.2 33.2 33.2 33.2 33.2 33.2 33.2 33.2 33.2 33.2 33.2 33.2 33.2 33.2 33.2 33.2 33.2 33.2 33.2 33.2 33.2 33.2 33.2 33.2 33.2 33.2 33.2 33.2 33.2 33.2 33.2 33.2 33.2 33.2 33.2 33.2 33.2 33.2 33.2 33.2 33.2 33.2 33.2 33.2 33.2 33.2 33.2 33.2 33.2 33.2 33.2 33.2 33.2 33.2 33.2 33.2 33.2 33.2 33.2 33.2 33.2 33.2 33.2 33.2 33.2 33.2 33.2 33.2 33.2 33.2 33.2 33.2 33.2 33.2 33.2 33.2 33.2 33.2 33.2 33.2 33.2 33.2 33.2 33.2 33.2 33.2 33.2 33.2 33.2 33.2 33.2 33.2 33.2 33.2 33.2 33.2 33.2 33.2 33.2 33.2 33.2 33.2 33.2 
44 44 44 44 44 44 44 44 44 44 44 44 44 44 44 44 44 44 44 44 44 44 44 44 44 44 44 44 44 44 44 44 44 44 44 44 44 44 44 44 44 44 44 44 44 44 44 44 44 44 44 44 44 44 44 44 44 44 44 44 44 44 44 44 44 44 44 44 44 44 44 44 44 44 44 44 44 44 44 44 44 44 44 44 44 44 44 44 44 44 44 44 44 44 44 44 44 44 44 44 44 44 44 44 44 44 44 44 44 44 44 44 44 44 44 44 44 44 44 44 
25 25 25 25 25 25 25 25 25 25 25 25 25 25 25 25 25 25 25 25 25 25 25 25 25 25 25 25 25 25 25 25 25 25 25 25 25 25 25 25 25 25 25 25 25 25 25 25 25 25 25 25 25 25 25 25 25 25 25 25 25 25 25 25 25 25 25 25 25 25 25 25 25 25 25 25 25 25 25 25 25 25 25 25 25 25 25 25 25 25 25 25 25 25 25 25 25 25 25 25 25 25 25 25 25 25 25 25 25 25 25 25 25 25 25 25 25 25 25 25 
31 31 31 31 31 31 31 31 31 31 31 31 31 31 31 31 31 31 31 31 31 31 31 31 31 31 31 31 31 31 31 31 31 31 31 31 31 31 31 31 31 31 31 31 31 31 31 31 31 31 31 31 31 31 31 31 31 31 31 31 31 31 31 31 31 31 31 31 31 31 31 31 31 31 31 31 31 31 31 31 31 31 31 31 31 31 31 31 31 31 31 31 31 31 31 31 31 31 31 31 31 31 31 31 31 31 31 31 31 31 31 31 31 31 31 31 31 31 31 31 
41.1 41.1 41.1 41.1 41.1 41.1 41.1 41.1 41.1 41.1 41.1 41.1 41.1 41.1 41.1 41.1 41.1 41.1 41.1 41.1 41.1 41.1 41.1 41.1 41.1 41.1 41.1 41.1 41.1 41.1 41.1 41.1 41.1 41.1 41.1 41.1 41.1 41.1 41.1 41.1 41.1 41.1 41.1 41.1 41.1 41.1 41.1 41.1 41.1 41.1 41.1 41.1 41.1 41.1 41.1 41.1 41.1 41.1 41.1 41.1 41.1 41.1 41.1 41.1 41.1 41.1 41.1 41.1 41.1 41.1 41.1 41.1 41.1 41.1 41.1 41.1 41.1 41.1 41.1 41.1 41.1 41.1 41.1 41.1 41.1 41.1 41.1 41.1 41.1 41.1 41.1 41.1 41.1 41.1 41.1 41.1 41.1 41.1 41.1 41.1 41.1 41.1 41.1 41.1 41.1 41.1 41.1 41.1 41.1 41.1 41.1 41.1 41.1 41.1 41.1 41.1 41.1 41.1 41.1 41.1 
27.2 27.2 27.2 27.2 27.2 27.2 27.2 27.2 27.2 27.2 27.2 27.2 27.2 27.2 27.2 27.2 27.2 27.2 27.2 27.2 27.2 27.2 27.2 27.2 27.2 27.2 27.2 27.2 27.2 27.2 27.2 27.2 27.2 27.2 27.2 27.2 27.2 27.2 27.2 27.2 27.2 27.2 27.2 27.2 27.2 27.2 27.2 27.2 27.2 27.2 27.2 27.2 27.2 27.2 27.2 27.2 27.2 27.2 27.2 27.2 27.2 27.2 27.2 27.2 27.2 27.2 27.2 27.2 27.2 27.2 27.2 27.2 27.2 27.2 27.2 27.2 27.2 27.2 27.2 27.2 27.2 27.2 27.2 27.2 27.2 27.2 27.2 27.2 27.2 27.2 27.2 27.2 27.2 27.2 27.2 27.2 27.2 27.2 27.2 27.2 27.2 27.2 27.2 27.2 27.2 27.2 27.2 27.2 27.2 27.2 27.2 27.2 27.2 27.2 27.2 27.2 27.2 27.2 27.2 27.2 
31.7 31.7 31.7 31.7 31.7 31.7 31.7 31.7 31.7 31.7 31.7 31.7 31.7 31.7 31.7 31.7 31.7 31.7 31.7 31.7 31.7 31.7 31.7 31.7 31.7 31.7 31.7 31.7 31.7 31.7 31.7 31.7 31.7 31.7 31.7 31.7 31.7 31.7 31.7 31.7 31.7 31.7 31.7 31.7 31.7 31.7 31.7 31.7 31.7 31.7 31.7 31.7 31.7 31.7 31.7 31.7 31.7 31.7 31.7 31.7 31.7 31.7 31.7 31.7 31.7 31.7 31.7 31.7 31.7 31.7 31.7 31.7 31.7 31.7 31.7 31.7 31.7 31.7 31.7 31.7 31.7 31.7 31.7 31.7 31.7 31.7 31.7 31.7 31.7 31.7 31.7 31.7 31.7 31.7 31.7 31.7 31.7 31.7 31.7 31.7 31.7 31.7 31.7 31.7 31.7 31.7 31.7 31.7 31.7 31.7 31.7 31.7 31.7 31.7 31.7 31.7 31.7 31.7 31.7 31.7 
40 40 40 40 40 40 40 40 40 40 40 40 40 40 40 40 40 40 40 40 40 40 40 40 40 40 40 40 40 40 40 40 40 40 40 40 40 40 40 40 40 40 40 40 40 40 40 40 40 40 40 40 40 40 40 40 40 40 40 40 40 40 40 40 40 40 40 40 40 40 40 40 40 40 40 40 40 40 40 40 40 40 40 40 40 40 40 40 40 40 40 40 40 40 40 40 40 40 40 40 40 40 40 40 40 40 40 40 40 40 40 40 40 40 40 40 40 40 40 40 
25.6 25.6 25.6 25.6 25.6 25.6 25.6 25.6 25.6 25.6 25.6 25.6 25.6 25.6 25.6 25.6 25.6 25.6 25.6 25.6 25.6 25.6 25.6 25.6 25.6 25.6 25.6 25.6 25.6 25.6 25.6 25.6 25.6 25.6 25.6 25.6 25.6 25.6 25.6 25.6 25.6 25.6 25.6 25.6 25.6 25.6 25.6 25.6 25.6 25.6 25.6 25.6 25.6 25.6 25.6 25.6 25.6 25.6 25.6 25.6 25.6 25.6 25.6 25.6 25.6 25.6 25.6 25.6 25.6 25.6 25.6 25.6 25.6 25.6 25.6 25.6 25.6 25.6 25.6 25.6 25.6 25.6 25.6 25.6 25.6 25.6 25.6 25.6 25.6 25.6 25.6 25.6 25.6 25.6 25.6 25.6 25.6 25.6 25.6 25.6 25.6 25.6 25.6 25.6 25.6 25.6 25.6 25.6 25.6 25.6 25.6 25.6 25.6 25.6 25.6 25.6 25.6 25.6 25.6 25.6 
34.4 34.4 34.4 34.4 34.4 34.4 34.4 34.4 34.4 34.4 34.4 34.4 34.4 34.4 34.4 34.4 34.4 34.4 34.4 34.4 34.4 34.4 34.4 34.4 34.4 34.4 34.4 34.4 34.4 34.4 34.4 34.4 34.4 34.4 34.4 34.4 34.4 34.4 34.4 34.4 34.4 34.4 34.4 34.4 34.4 34.4 34.4 34.4 34.4 34.4 34.4 34.4 34.4 34.4 34.4 34.4 34.4 34.4 34.4 34.4 34.4 34.4 34.4 34.4 34.4 34.4 34.4 34.4 34.4 34.4 34.4 34.4 34.4 34.4 34.4 34.4 34.4 34.4 34.4 34.4 34.4 34.4 34.4 34.4 34.4 34.4 34.4 34.4 34.4 34.4 34.4 34.4 34.4 34.4 34.4 34.4 34.4 34.4 34.4 34.4 34.4 34.4 34.4 34.4 34.4 34.4 34.4 34.4 34.4 34.4 34.4 34.4 34.4 34.4 34.4 34.4 34.4 34.4 34.4 34.4 
43.3 43.3 43.3 43.3 43.3 43.3 43.3 43.3 43.3 43.3 43.3 43.3 43.3 43.3 43.3 43.3 43.3 43.3 43.3 43.3 43.3 43.3 43.3 43.3 43.3 43.3 43.3 43.3 43.3 43.3 43.3 43.3 43.3 43.3 43.3 43.3 43.3 43.3 43.3 43.3 43.3 43.3 43.3 43.3 43.3 43.3 43.3 43.3 43.3 43.3 43.3 43.3 43.3 43.3 43.3 43.3 43.3 43.3 43.3 43.3 43.3 43.3 43.3 43.3 43.3 43.3 43.3 43.3 43.3 43.3 43.3 43.3 43.3 43.3 43.3 43.3 43.3 43.3 43.3 43.3 43.3 43.3 43.3 43.3 43.3 43.3 43.3 43.3 43.3 43.3 43.3 43.3 43.3 43.3 43.3 43.3 43.3 43.3 43.3 43.3 43.3 43.3 43.3 43.3 43.3 43.3 43.3 43.3 43.3 43.3 43.3 43.3 43.3 43.3 43.3 43.3 43.3 43.3 43.3 43.3 
28.2 28.2 28.2 28.2 28.2 28.2 28.2 28.2 28.2 28.2 28.2 28.2 28.2 28.2 28.2 28.2 28.2 28.2 28.2 28.2 28.2 28.2 28.2 28.2 28.2 28.2 28.2 28.2 28.2 28.2 28.2 28.2 28.2 28.2 28.2 28.2 28.2 28.2 28.2 28.2 28.2 28.2 28.2 28.2 28.2 28.2 28.2 28.2 28.2 28.2 28.2 28.2 28.2 28.2 28.2 28.2 28.2 28.2 28.2 28.2 28.2 28.2 28.2 28.2 28.2 28.2 28.2 28.2 28.2 28.2 28.2 28.2 28.2 28.2 28.2 28.2 28.2 28.2 28.2 28.2 28.2 28.2 28.2 28.2 28.2 28.2 28.2 28.2 28.2 28.2 28.2 28.2 28.2 28.2 28.2 28.2 28.2 28.2 28.2 28.2 28.2 28.2 28.2 28.2 28.2 28.2 28.2 28.2 28.2 28.2 28.2 28.2 28.2 28.2 28.2 28.2 28.2 28.2 28.2 28.2 
28.5 28.5 28.5 28.5 28.5 28.5 28.5 28.5 28.5 28.5 28.5 28.5 28.5 28.5 28.5 28.5 28.5 28.5 28.5 28.5 28.5 28.5 28.5 28.5 28.5 28.5 28.5 28.5 28.5 28.5 28.5 28.5 28.5 28.5 28.5 28.5 28.5 28.5 28.5 28.5 28.5 28.5 28.5 28.5 28.5 28.5 28.5 28.5 28.5 28.5 28.5 28.5 28.5 28.5 28.5 28.5 28.5 28.5 28.5 28.5 28.5 28.5 28.5 28.5 28.5 28.5 28.5 28.5 28.5 28.5 28.5 28.5 28.5 28.5 28.5 28.5 28.5 28.5 28.5 28.5 28.5 28.5 28.5 28.5 28.5 28.5 28.5 28.5 28.5 28.5 28.5 28.5 28.5 28.5 28.5 28.5 28.5 28.5 28.5 28.5 28.5 28.5 28.5 28.5 28.5 28.5 28.5 28.5 28.5 28.5 28.5 28.5 28.5 28.5 28.5 28.5 28.5 28.5 28.5 28.5 
45.3 45.3 45.3 45.3 45.3 45.3 45.3 45.3 45.3 45.3 45.3 45.3 45.3 45.3 45.3 45.3 45.3 45.3 45.3 45.3 45.3 45.3 45.3 45.3 45.3 45.3 45.3 45.3 45.3 45.3 45.3 45.3 45.3 45.3 45.3 45.3 45.3 45.3 45.3 45.3 45.3 45.3 45.3 45.3 45.3 45.3 45.3 45.3 45.3 45.3 45.3 45.3 45.3 45.3 45.3 45.3 45.3 45.3 45.3 45.3 45.3 45.3 45.3 45.3 45.3 45.3 45.3 45.3 45.3 45.3 45.3 45.3 45.3 45.3 45.3 45.3 45.3 45.3 45.3 45.3 45.3 45.3 45.3 45.3 45.3 45.3 45.3 45.3 45.3 45.3 45.3 45.3 45.3 45.3 45.3 45.3 45.3 45.3 45.3 45.3 45.3 45.3 45.3 45.3 45.3 45.3 45.3 45.3 45.3 45.3 45.3 45.3 45.3 45.3 45.3 45.3 45.3 45.3 45.3 45.3 
26.6 26.6 26.6 26.6 26.6 26.6 26.6 26.6 26.6 26.6 26.6 26.6 26.6 26.6 26.6 26.6 26.6 26.6 26.6 26.6 26.6 26.6 26.6 26.6 26.6 26.6 26.6 26.6 26.6 26.6 26.6 26.6 26.6 26.6 26.6 26.6 26.6 26.6 26.6 26.6 26.6 26.6 26.6 26.6 26.6 26.6 26.6 26.6 26.6 26.6 26.6 26.6 26.6 26.6 26.6 26.6 26.6 26.6 26.6 26.6 26.6 26.6 26.6 26.6 26.6 26.6 26.6 26.6 26.6 26.6 26.6 26.6 26.6 26.6 26.6 26.6 26.6 26.6 26.6 26.6 26.6 26.6 26.6 26.6 26.6 26.6 26.6 26.6 26.6 26.6 26.6 26.6 26.6 26.6 26.6 26.6 26.6 26.6 26.6 26.6 26.6 26.6 26.6 26.6 26.6 26.6 26.6 26.6 26.6 26.6 26.6 26.6 26.6 26.6 26.6 26.6 26.6 26.6 26.6 26.6 
28.1 28.1 28.1 28.1 28.1 28.1 28.1 28.1 28.1 28.1 28.1 28.1 28.1 28.1 28.1 28.1 28.1 28.1 28.1 28.1 28.1 28.1 28.1 28.1 28.1 28.1 28.1 28.1 28.1 28.1 28.1 28.1 28.1 28.1 28.1 28.1 28.1 28.1 28.1 28.1 28.1 28.1 28.1 28.1 28.1 28.1 28.1 28.1 28.1 28.1 28.1 28.1 28.1 28.1 28.1 28.1 28.1 28.1 28.1 28.1 28.1 28.1 28.1 28.1 28.1 28.1 28.1 28.1 28.1 28.1 28.1 28.1 28.1 28.1 28.1 28.1 28.1 28.1 28.1 28.1 28.1 28.1 28.1 28.1 28.1 28.1 28.1 28.1 28.1 28.1 28.1 28.1 28.1 28.1 28.1 28.1 28.1 28.1 28.1 28.1 28.1 28.1 28.1 28.1 28.1 28.1 28.1 28.1 28.1 28.1 28.1 28.1 28.1 28.1 28.1 28.1 28.1 28.1 28.1 28.1 
42.5 42.5 42.5 42.5 42.5 42.5 42.5 42.5 42.5 42.5 42.5 42.5 42.5 42.5 42.5 42.5 42.5 42.5 42.5 42.5 42.5 42.5 42.5 42.5 42.5 42.5 42.5 42.5 42.5 42.5 42.5 42.5 42.5 42.5 42.5 42.5 42.5 42.5 42.5 42.5 42.5 42.5 42.5 42.5 42.5 42.5 42.5 42.5 42.5 42.5 42.5 42.5 42.5 42.5 42.5 42.5 42.5 42.5 42.5 42.5 42.5 42.5 42.5 42.5 42.5 42.5 42.5 42.5 42.5 42.5 42.5 42.5 42.5 42.5 42.5 42.5 42.5 42.5 42.5 42.5 42.5 42.5 42.5 42.5 42.5 42.5 42.5 42.5 42.5 42.5 42.5 42.5 42.5 42.5 42.5 42.5 42.5 42.5 42.5 42.5 42.5 42.5 42.5 42.5 42.5 42.5 42.5 42.5 42.5 42.5 42.5 42.5 42.5 42.5 42.5 42.5 42.5 42.5 42.5 42.5 
26.9 26.9 26.9 26.9 26.9 26.9 26.9 26.9 26.9 26.9 26.9 26.9 26.9 26.9 26.9 26.9 26.9 26.9 26.9 26.9 26.9 26.9 26.9 26.9 26.9 26.9 26.9 26.9 26.9 26.9 26.9 26.9 26.9 26.9 26.9 26.9 26.9 26.9 26.9 26.9 26.9 26.9 26.9 26.9 26.9 26.9 26.9 26.9 26.9 26.9 26.9 26.9 26.9 26.9 26.9 26.9 26.9 26.9 26.9 26.9 26.9 26.9 26.9 26.9 26.9 26.9 26.9 26.9 26.9 26.9 26.9 26.9 26.9 26.9 26.9 26.9 26.9 26.9 26.9 26.9 26.9 26.9 26.9 26.9 26.9 26.9 26.9 26.9 26.9 26.9 26.9 26.9 26.9 26.9 26.9 26.9 26.9 26.9 26.9 26.9 26.9 26.9 26.9 26.9 26.9 26.9 26.9 26.9 26.9 26.9 26.9 26.9 26.9 26.9 26.9 26.9 26.9 26.9 26.9 26.9 
30.6 30.6 30.6 30.6 30.6 30.6 30.6 30.6 30.6 30.6 30.6 30.6 30.6 30.6 30.6 30.6 30.6 30.6 30.6 30.6 30.6 30.6 30.6 30.6 30.6 30.6 30.6 30.6 30.6 30.6 30.6 30.6 30.6 30.6 30.6 30.6 30.6 30.6 30.6 30.6 30.6 30.6 30.6 30.6 30.6 30.6 30.6 30.6 30.6 30.6 30.6 30.6 30.6 30.6 30.6 30.6 30.6 30.6 30.6 30.6 30.6 30.6 30.6 30.6 30.6 30.6 30.6 30.6 30.6 30.6 30.6 30.6 30.6 30.6 30.6 30.6 30.6 30.6 30.6 30.6 30.6 30.6 30.6 30.6 30.6 30.6 30.6 30.6 30.6 30.6 30.6 30.6 30.6 30.6 30.6 30.6 30.6 30.6 30.6 30.6 30.6 30.6 30.6 30.6 30.6 30.6 30.6 30.6 30.6 30.6 30.6 30.6 30.6 30.6 30.6 30.6 30.6 30.6 30.6 30.6 
48.2 48.2 48.2 48.2 48.2 48.2 48.2 48.2 48.2 48.2 48.2 48.2 48.2 48.2 48.2 48.2 48.2 48.2 48.2 48.2 48.2 48.2 48.2 48.2 48.2 48.2 48.2 48.2 48.2 48.2 48.2 48.2 48.2 48.2 48.2 48.2 48.2 48.2 48.2 48.2 48.2 48.2 48.2 48.2 48.2 48.2 48.2 48.2 48.2 48.2 48.2 48.2 48.2 48.2 48.2 48.2 48.2 48.2 48.2 48.2 48.2 48.2 48.2 48.2 48.2 48.2 48.2 48.2 48.2 48.2 48.2 48.2 48.2 48.2 48.2 48.2 48.2 48.2 48.2 48.2 48.2 48.2 48.2 48.2 48.2 48.2 48.2 48.2 48.2 48.2 48.2 48.2 48.2 48.2 48.2 48.2 48.2 48.2 48.2 48.2 48.2 48.2 48.2 48.2 48.2 48.2 48.2 48.2 48.2 48.2 48.2 48.2 48.2 48.2 48.2 48.2 48.2 48.2 48.2 48.2 
25.6 25.6 25.6 25.6 25.6 25.6 25.6 25.6 25.6 25.6 25.6 25.6 25.6 25.6 25.6 25.6 25.6 25.6 25.6 25.6 25.6 25.6 25.6 25.6 25.6 25.6 25.6 25.6 25.6 25.6 25.6 25.6 25.6 25.6 25.6 25.6 25.6 25.6 25.6 25.6 25.6 25.6 25.6 25.6 25.6 25.6 25.6 25.6 25.6 25.6 25.6 25.6 25.6 25.6 25.6 25.6 25.6 25.6 25.6 25.6 25.6 25.6 25.6 25.6 25.6 25.6 25.6 25.6 25.6 25.6 25.6 25.6 25.6 25.6 25.6 25.6 25.6 25.6 25.6 25.6 25.6 25.6 25.6 25.6 25.6 25.6 25.6 25.6 25.6 25.6 25.6 25.6 25.6 25.6 25.6 25.6 25.6 25.6 25.6 25.6 25.6 25.6 25.6 25.6 25.6 25.6 25.6 25.6 25.6 25.6 25.6 25.6 25.6 25.6 25.6 25.6 25.6 25.6 25.6 25.6 
26.2 26.2 26.2 26.2 26.2 26.2 26.2 26.2 26.2 26.2 26.2 26.2 26.2 26.2 26.2 26.2 26.2 26.2 26.2 26.2 26.2 26.2 26.2 26.2 26.2 26.2 26.2 26.2 26.2 26.2 26.2 26.2 26.2 26.2 26.2 26.2 26.2 26.2 26.2 26.2 26.2 26.2 26.2 26.2 26.2 26.2 26.2 26.2 26.2 26.2 26.2 26.2 26.2 26.2 26.2 26.2 26.2 26.2 26.2 26.2 26.2 26.2 26.2 26.2 26.2 26.2 26.2 26.2 26.2 26.2 26.2 26.2 26.2 26.2 26.2 26.2 26.2 26.2 26.2 26.2 26.2 26.2 26.2 26.2 26.2 26.2 26.2 26.2 26.2 26.2 26.2 26.2 26.2 26.2 26.2 26.2 26.2 26.2 26.2 26.2 26.2 26.2 26.2 26.2 26.2 26.2 26.2 26.2 26.2 26.2 26.2 26.2 26.2 26.2 26.2 26.2 26.2 26.2 26.2 26.2 
38.6 38.6 38.6 38.6 38.6 38.6 38.6 38.6 38.6 38.6 38.6 38.6 38.6 38.6 38.6 38.6 38.6 38.6 38.6 38.6 38.6 38.6 38.6 38.6 38.6 38.6 38.6 38.6 38.6 38.6 38.6 38.6 38.6 38.6 38.6 38.6 38.6 38.6 38.6 38.6 38.6 38.6 38.6 38.6 38.6 38.6 38.6 38.6 38.6 38.6 38.6 38.6 38.6 38.6 38.6 38.6 38.6 38.6 38.6 38.6 38.6 38.6 38.6 38.6 38.6 38.6 38.6 38.6 38.6 38.6 38.6 38.6 38.6 38.6 38.6 38.6 38.6 38.6 38.6 38.6 38.6 38.6 38.6 38.6 38.6 38.6 38.6 38.6 38.6 38.6 38.6 38.6 38.6 38.6 38.6 38.6 38.6 38.6 38.6 38.6 38.6 38.6 38.6 38.6 38.6 38.6 38.6 38.6 38.6 38.6 38.6 38.6 38.6 38.6 38.6 38.6 38.6 38.6 38.6 38.6 
29.4 29.4 29.4 29.4 29.4 29.4 29.4 29.4 29.4 29.4 29.4 29.4 29.4 29.4 29.4 29.4 29.4 29.4 29.4 29.4 29.4 29.4 29.4 29.4 29.4 29.4 29.4 29.4 29.4 29.4 29.4 29.4 29.4 29.4 29.4 29.4 29.4 29.4 29.4 29.4 29.4 29.4 29.4 29.4 29.4 29.4 29.4 29.4 29.4 29.4 29.4 29.4 29.4 29.4 29.4 29.4 29.4 29.4 29.4 29.4 29.4 29.4 29.4 29.4 29.4 29.4 29.4 29.4 29.4 29.4 29.4 29.4 29.4 29.4 29.4 29.4 29.4 29.4 29.4 29.4 29.4 29.4 29.4 29.4 29.4 29.4 29.4 29.4 29.4 29.4 29.4 29.4 29.4 29.4 29.4 29.4 29.4 29.4 29.4 29.4 29.4 29.4 29.4 29.4 29.4 29.4 29.4 29.4 29.4 29.4 29.4 29.4 29.4 29.4 29.4 29.4 29.4 29.4 29.4 29.4 
32 32 32 32 32 32 32 32 32 32 32 32 32 32 32 32 32 32 32 32 32 32 32 32 32 32 32 32 32 32 32 32 32 32 32 32 32 32 32 32 32 32 32 32 32 32 32 32 32 32 32 32 32 32 32 32 32 32 32 32 32 32 32 32 32 32 32 32 32 32 32 32 32 32 32 32 32 32 32 32 32 32 32 32 32 32 32 32 32 32 32 32 32 32 32 32 32 32 32 32 32 32 32 32 32 32 32 32 32 32 32 32 32 32 32 32 32 32 32 32 
35.7 35.7 35.7 35.7 35.7 35.7 35.7 35.7 35.7 35.7 35.7 35.7 35.7 35.7 35.7 35.7 35.7 35.7 35.7 35.7 35.7 35.7 35.7 35.7 35.7 35.7 35.7 35.7 35.7 35.7 35.7 35.7 35.7 35.7 35.7 35.7 35.7 35.7 35.7 35.7 35.7 35.7 35.7 35.7 35.7 35.7 35.7 35.7 35.7 35.7 35.7 35.7 35.7 35.7 35.7 35.7 35.7 35.7 35.7 35.7 35.7 35.7 35.7 35.7 35.7 35.7 35.7 35.7 35.7 35.7 35.7 35.7 35.7 35.7 35.7 35.7 35.7 35.7 35.7 35.7 35.7 35.7 35.7 35.7 35.7 35.7 35.7 35.7 35.7 35.7 35.7 35.7 35.7 35.7 35.7 35.7 35.7 35.7 35.7 35.7 35.7 35.7 35.7 35.7 35.7 35.7 35.7 35.7 35.7 35.7 35.7 35.7 35.7 35.7 35.7 35.7 35.7 35.7 35.7 35.7 
28 28 28 28 28 28 28 28 28 28 28 28 28 28 28 28 28 28 28 28 28 28 28 28 28 28 28 28 28 28 28 28 28 28 28 28 28 28 28 28 28 28 28 28 28 28 28 28 28 28 28 28 28 28 28 28 28 28 28 28 28 28 28 28 28 28 28 28 28 28 28 28 28 28 28 28 28 28 28 28 28 28 28 28 28 28 28 28 28 28 28 28 28 28 28 28 28 28 28 28 28 28 28 28 28 28 28 28 28 28 28 28 28 28 28 28 28 28 28 28 
36.3 36.3 36.3 36.3 36.3 36.3 36.3 36.3 36.3 36.3 36.3 36.3 36.3 36.3 36.3 36.3 36.3 36.3 36.3 36.3 36.3 36.3 36.3 36.3 36.3 36.3 36.3 36.3 36.3 36.3 36.3 36.3 36.3 36.3 36.3 36.3 36.3 36.3 36.3 36.3 36.3 36.3 36.3 36.3 36.3 36.3 36.3 36.3 36.3 36.3 36.3 36.3 36.3 36.3 36.3 36.3 36.3 36.3 36.3 36.3 36.3 36.3 36.3 36.3 36.3 36.3 36.3 36.3 36.3 36.3 36.3 36.3 36.3 36.3 36.3 36.3 36.3 36.3 36.3 36.3 36.3 36.3 36.3 36.3 36.3 36.3 36.3 36.3 36.3 36.3 36.3 36.3 36.3 36.3 36.3 36.3 36.3 36.3 36.3 36.3 36.3 36.3 36.3 36.3 36.3 36.3 36.3 36.3 36.3 36.3 36.3 36.3 36.3 36.3 36.3 36.3 36.3 36.3 36.3 36.3 
40 40 40 40 40 40 40 40 40 40 40 40 40 40 40 40 40 40 40 40 40 40 40 40 40 40 40 40 40 40 40 40 40 40 40 40 40 40 40 40 40 40 40 40 40 40 40 40 40 40 40 40 40 40 40 40 40 40 40 40 40 40 40 40 40 40 40 40 40 40 40 40 40 40 40 40 40 40 40 40 40 40 40 40 40 40 40 40 40 40 40 40 40 40 40 40 40 40 40 40 40 40 40 40 40 40 40 40 40 40 40 40 40 40 40 40 40 40 40 40 
27.8 27.8 27.8 27.8 27.8 27.8 27.8 27.8 27.8 27.8 27.8 27.8 27.8 27.8 27.8 27.8 27.8 27.8 27.8 27.8 27.8 27.8 27.8 27.8 27.8 27.8 27.8 27.8 27.8 27.8 27.8 27.8 27.8 27.8 27.8 27.8 27.8 27.8 27.8 27.8 27.8 27.8 27.8 27.8 27.8 27.8 27.8 27.8 27.8 27.8 27.8 27.8 27.8 27.8 27.8 27.8 27.8 27.8 27.8 27.8 27.8 27.8 27.8 27.8 27.8 27.8 27.8 27.8 27.8 27.8 27.8 27.8 27.8 27.8 27.8 27.8 27.8 27.8 27.8 27.8 27.8 27.8 27.8 27.8 27.8 27.8 27.8 27.8 27.8 27.8 27.8 27.8 27.8 27.8 27.8 27.8 27.8 27.8 27.8 27.8 27.8 27.8 27.8 27.8 27.8 27.8 27.8 27.8 27.8 27.8 27.8 27.8 27.8 27.8 27.8 27.8 27.8 27.8 27.8 27.8 
32.2 32.2 32.2 32.2 32.2 32.2 32.2 32.2 32.2 32.2 32.2 32.2 32.2 32.2 32.2 32.2 32.2 32.2 32.2 32.2 32.2 32.2 32.2 32.2 32.2 32.2 32.2 32.2 32.2 32.2 32.2 32.2 32.2 32.2 32.2 32.2 32.2 32.2 32.2 32.2 32.2 32.2 32.2 32.2 32.2 32.2 32.2 32.2 32.2 32.2 32.2 32.2 32.2 32.2 32.2 32.2 32.2 32.2 32.2 32.2 32.2 32.2 32.2 32.2 32.2 32.2 32.2 32.2 32.2 32.2 32.2 32.2 32.2 32.2 32.2 32.2 32.2 32.2 32.2 32.2 32.2 32.2 32.2 32.2 32.2 32.2 32.2 32.2 32.2 32.2 32.2 32.2 32.2 32.2 32.2 32.2 32.2 32.2 32.2 32.2 32.2 32.2 32.2 32.2 32.2 32.2 32.2 32.2 32.2 32.2 32.2 32.2 32.2 32.2 32.2 32.2 32.2 32.2 32.2 32.2 
