1011.txt 1762 0 0 not found
1012.txt	1754	0	0	3008.23
1013.txt	1782	1	1	300
1014.txt	1761	1	1	300
1015.txt	1814	1	1	300
1016.txt	1765	1	1	300
1017.txt	1804	1	1	300
1018.txt	1776	1	1	300
1019.txt	1742	1	1	300
1020.txt	1745	1	1	300
1021.txt	704	1	1	300
1022.txt	697	1	1	300
1023.txt	696	1	1	300
1024.txt	695	1	1	300
1025.txt	690	1	1	300
1026.txt	690	1	1	300
1027.txt	695	1	1	300
1028.txt	692	1	1	300
1029.txt	694	1	1	300
1030.txt	704	1	1	300
1031.txt	424	1	1	300
1032.txt	418	1	1	300
1033.txt	419	1	2	300
1034.txt	421	1	1	300
1035.txt	416	1	1	300
1036.txt	424	1	1	300
1037.txt	422	1	2	300
1038.txt	420	1	1	300
1039.txt	418	1	1	300
1040.txt	420	1	1	300
1041.txt	296	1	1	300
1042.txt	295	1	1	300
1043.txt	295	1	2	300
1044.txt	297	1	2	300
1045.txt	300	1	2	300
1046.txt	300	1	1	300
1047.txt	296	1	1	300
1048.txt	294	1	1	300
1049.txt	295	1	1	300
1050.txt	300	1	1	300
1051.txt	227	1	2	300
1052.txt	228	1	2	300
1053.txt	229	1	2	300
1054.txt	230	1	1	300
1055.txt	230	1	2	300
1056.txt	229	1	1	300
1057.txt	230	1	1	300
1058.txt	230	1	2	300
1059.txt	230	1	2	300
1060.txt	227	1	1	300
111.txt	198	0	0	9.02
112.txt	173	0	0	0.53
113.txt	183	0	0	16.44
114.txt	173	0	0	40.83
115.txt	180	0	0	3.8
116.txt	175	0	0	5.59
117.txt	175	0	0	1472.94
118.txt	179	0	0	17.67
119.txt	171	0	0	3.3
120.txt	176	0	0	3.41
121.txt	71	0	0	4.09
122.txt	74	0	0	188.48
123.txt	74	3	1	300
124.txt	74	0	0	1736.67
125.txt	71	1	1	300
126.txt	80	3	2	300
127.txt	73	3	2	300
128.txt	75	1	1	300
129.txt	74	0	0	2979.44
130.txt	79	0	0	24.27
131.txt	47	0	0	8.7
132.txt	47	3	2	300
133.txt	47	3	2	300
134.txt	48	1	1	300
135.txt	45	0	0	11.2
136.txt	49	0	0	9.13
137.txt	47	3	2	300
138.txt	45	0	0	209.55
139.txt	46	1	1	300
140.txt	48	0	0	326.09
141.txt	34	0	0	7.39
142.txt	35	0	0	25.31
143.txt	34	0	0	9.48
144.txt	34	0	0	8.42
145.txt	34	0	0	9.86
146.txt	36	3	1	300
147.txt	34	0	0	7.77
148.txt	34	0	0	8.05
149.txt	34	0	0	68.78
150.txt	34	0	0	9.97
151.txt	28	0	0	6.31
152.txt	27	0	0	3.42
153.txt	28	0	0	4.02
154.txt	30	0	0	16.2
155.txt	30	0	0	3.61
156.txt	30	0	0	3.7
157.txt	29	0	0	3.91
158.txt	30	3	1	300
159.txt	30	0	0	5.47
160.txt	28	0	0	3.56
211.txt	358	1	1	300
212.txt	368	0	0	878.91
213.txt	361	0	0	62.19
214.txt	372	1	1	300
215.txt	359	1	1	300
216.txt	376	1	1	300
217.txt	355	1	1	300
218.txt	359	1	1	300
219.txt	361	1	1	300
220.txt	349	0	0	3915
221.txt	145	0	0	894.63
222.txt	144	1	1	300
223.txt	145	3	2	300
224.txt	147	3	1	300
225.txt	149	3	3	300
226.txt	144	3	2	300
227.txt	144	1	1	300
228.txt	142	3	2	300
229.txt	146	3	2	300
230.txt	147	3	2	300
231.txt	87	3	2	300
232.txt	88	3	3	300
233.txt	87	3	2	300
234.txt	89	3	1	300
235.txt	90	1	1	300
236.txt	87	3	2	300
237.txt	87	3	3	300
238.txt	88	3	2	300
239.txt	88	3	2	300
240.txt	89	3	3	300
241.txt	65	3	2	300
242.txt	63	3	2	300
243.txt	64	3	3	300
244.txt	64	3	3	300
245.txt	63	3	1	300
246.txt	65	3	2	300
247.txt	64	3	2	300
248.txt	64	3	2	300
249.txt	66	3	3	300
250.txt	61	0	0	2947.69
251.txt	51	3	3	300
252.txt	50	3	2	300
253.txt	50	3	2	300
254.txt	51	3	4	300
255.txt	50	3	3	300
256.txt	51	3	4	300
257.txt	51	3	3	300
258.txt	49	0	0	17.23
259.txt	51	3	3	300
260.txt	50	3	3	300
511.txt	862	1	1	300
512.txt	876	0	0	3486.06
513.txt	879	1	1	300
514.txt	884	0	0	6611.63
515.txt	864	0	0	206.94
516.txt	901	1	2	300
517.txt	895	1	2	300
518.txt	922	1	1	300
519.txt	916	1	1	300
520.txt	893	0	0	318.27
521.txt	354	1	1	300
522.txt	346	1	1	300
523.txt	359	1	1	300
524.txt	351	0	0	3381.78
525.txt	348	1	1	300
526.txt	354	1	1	300
527.txt	350	0	0	2201.45
528.txt	350	1	1	300
529.txt	356	3	2	300
530.txt	355	1	1	300
531.txt	212	3	1	300
532.txt	209	1	1	300
533.txt	213	1	1	300
534.txt	208	1	1	300
535.txt	209	3	2	300
536.txt	212	3	2	300
537.txt	213	3	2	300
538.txt	214	1	1	300
539.txt	212	3	3	300
540.txt	211	3	2	300
541.txt	149	3	2	300
542.txt	150	1	2	300
543.txt	150	1	1	300
544.txt	149	3	2	300
545.txt	151	1	1	300
546.txt	150	3	2	300
547.txt	152	3	2	300
548.txt	153	3	2	300
549.txt	148	3	2	300
550.txt	151	3	2	300
551.txt	116	1	1	300
552.txt	119	3	2	300
553.txt	117	1	2	300
554.txt	118	1	2	300
555.txt	117	1	2	300
556.txt	117	1	2	300
557.txt	119	1	3	300
558.txt	117	1	2	300
559.txt	116	1	2	300
560.txt	116	1	2	300